1 0 2 170
2 0 0 160
2 1 11 9
3 0 1 170
3 1 2 18
3 2 1 19
4 0 19 172
4 1 23 2
4 2 19 1
4 3 19 1
5 0 2 160
5 1 13 8
5 2 17 4
5 3 20 0
5 4 1 19
6 0 2 175
6 1 2 19
6 2 5 15
6 3 14 6
6 4 0 20
6 5 0 20
7 0 2 158
7 1 4 16
7 2 5 15
7 3 18 3
7 4 1 19
7 5 7 14
7 6 11 10
8 0 2 186
8 1 6 14
8 2 6 15
8 3 12 8
8 4 0 21
8 5 4 16
8 6 15 6
8 7 4 17
9 0 0 159
9 1 0 20
9 2 0 23
9 3 2 18
9 4 0 21
9 5 0 20
9 6 0 20
9 7 0 20
9 8 0 20
10 0 1 208
10 1 2 20
10 2 5 16
10 3 15 5
10 4 1 19
10 5 2 18
10 6 12 8
10 7 5 15
10 8 8 12
10 9 20 0
11 0 1 174
11 1 3 17
11 2 8 12
11 3 14 7
11 4 0 20
11 5 3 17
11 6 10 10
11 7 8 12
11 8 6 14
11 9 19 1
11 10 7 13
12 0 2 167
12 1 0 21
12 2 0 20
12 3 2 18
12 4 0 20
12 5 0 20
12 6 2 18
12 7 0 20
12 8 0 20
12 9 18 2
12 10 0 20
12 11 1 19
13 0 42 121
13 1 20 0
13 2 20 0
13 3 20 0
13 4 20 0
13 5 19 1
13 6 19 1
13 7 19 1
13 8 20 0
13 9 20 0
13 10 21 0
13 11 23 0
13 12 21 0
14 0 1 192
14 1 14 6
14 2 16 4
14 3 21 0
14 4 3 18
14 5 9 11
14 6 18 2
14 7 16 6
14 8 17 3
14 9 21 0
14 10 16 4
14 11 17 3
14 12 20 0
14 13 0 20
15 0 1 185
15 1 0 20
15 2 4 16
15 3 4 16
15 4 1 19
15 5 0 20
15 6 2 19
15 7 3 17
15 8 5 15
15 9 18 2
15 10 8 12
15 11 7 13
15 12 11 10
15 13 0 20
15 14 0 20
16 0 44 148
16 1 21 0
16 2 20 0
16 3 21 0
16 4 13 7
16 5 20 0
16 6 21 0
16 7 21 0
16 8 21 0
16 9 19 1
16 10 20 0
16 11 21 1
16 12 20 0
16 13 8 13
16 14 21 1
16 15 20 0
17 0 3 171
17 1 16 4
17 2 19 1
17 3 20 0
17 4 6 14
17 5 17 4
17 6 18 2
17 7 17 3
17 8 17 3
17 9 21 1
17 10 19 1
17 11 18 2
17 12 23 0
17 13 1 19
17 14 16 4
17 15 18 2
17 16 1 19
18 0 1 194
18 1 4 17
18 2 2 18
18 3 11 9
18 4 1 20
18 5 0 20
18 6 11 9
18 7 9 11
18 8 6 14
18 9 20 0
18 10 10 11
18 11 12 8
18 12 17 3
18 13 0 20
18 14 2 18
18 15 19 1
18 16 0 20
18 17 0 21
19 0 0 169
19 1 0 20
19 2 1 19
19 3 2 18
19 4 0 20
19 5 0 21
19 6 0 21
19 7 1 19
19 8 0 20
19 9 0 20
19 10 0 21
19 11 0 20
19 12 0 20
19 13 0 22
19 14 1 19
19 15 0 20
19 16 0 20
19 17 0 22
19 18 1 20
20 0 0 176
20 1 0 20
20 2 0 20
20 3 0 20
20 4 0 20
20 5 0 20
20 6 0 21
20 7 0 20
20 8 0 20
20 9 1 20
20 10 0 21
20 11 0 20
20 12 2 18
20 13 0 20
20 14 1 19
20 15 1 19
20 16 0 20
20 17 0 20
20 18 0 20
20 19 13 7
21 0 0 175
21 1 1 19
21 2 0 21
21 3 0 20
21 4 0 21
21 5 0 20
21 6 0 21
21 7 0 21
21 8 0 20
21 9 2 18
21 10 0 20
21 11 0 20
21 12 0 20
21 13 0 21
21 14 0 20
21 15 1 20
21 16 0 20
21 17 0 21
21 18 1 19
21 19 7 15
21 20 4 16
22 0 27 121
22 1 22 0
22 2 20 0
22 3 20 1
22 4 15 5
22 5 19 1
22 6 20 0
22 7 21 0
22 8 21 1
22 9 20 0
22 10 21 0
22 11 20 0
22 12 20 0
22 13 6 14
22 14 20 0
22 15 20 0
22 16 9 11
22 17 19 3
22 18 20 1
22 19 23 0
22 20 20 0
22 21 22 0
23 0 0 178
23 1 0 20
23 2 0 21
23 3 0 20
23 4 0 21
23 5 1 20
23 6 0 20
23 7 0 20
23 8 0 21
23 9 1 20
23 10 0 20
23 11 0 20
23 12 1 19
23 13 0 21
23 14 1 20
23 15 1 19
23 16 0 20
23 17 0 20
23 18 0 21
23 19 2 18
23 20 5 15
23 21 9 11
23 22 0 20
24 0 1 196
24 1 1 19
24 2 0 20
24 3 1 19
24 4 0 20
24 5 0 20
24 6 0 20
24 7 0 20
24 8 1 20
24 9 0 20
24 10 0 21
24 11 0 21
24 12 1 19
24 13 0 21
24 14 0 20
24 15 2 19
24 16 0 20
24 17 0 21
24 18 0 21
24 19 7 13
24 20 10 10
24 21 9 12
24 22 0 20
24 23 12 9
25 0 2 208
25 1 8 14
25 2 12 8
25 3 17 3
25 4 0 20
25 5 3 17
25 6 13 7
25 7 12 10
25 8 18 3
25 9 19 1
25 10 15 6
25 11 14 6
25 12 20 0
25 13 0 20
25 14 4 16
25 15 19 1
25 16 0 22
25 17 1 19
25 18 14 7
25 19 20 0
25 20 18 2
25 21 19 1
25 22 0 21
25 23 20 0
25 24 20 0
26 0 1 170
26 1 5 17
26 2 7 14
26 3 10 10
26 4 0 21
26 5 2 19
26 6 8 12
26 7 2 18
26 8 8 12
26 9 20 0
26 10 4 16
26 11 9 11
26 12 17 3
26 13 1 20
26 14 0 20
26 15 9 12
26 16 1 19
26 17 0 23
26 18 12 9
26 19 20 0
26 20 19 1
26 21 21 0
26 22 1 19
26 23 22 0
26 24 21 0
26 25 3 17
27 0 1 170
27 1 3 17
27 2 0 22
27 3 6 14
27 4 0 20
27 5 0 21
27 6 1 19
27 7 1 19
27 8 7 13
27 9 20 0
27 10 0 20
27 11 2 18
27 12 12 8
27 13 0 20
27 14 2 18
27 15 7 13
27 16 0 20
27 17 1 19
27 18 2 19
27 19 20 0
27 20 20 0
27 21 18 2
27 22 0 20
27 23 20 0
27 24 18 2
27 25 1 20
27 26 3 17
28 0 9 151
28 1 18 2
28 2 20 0
28 3 19 1
28 4 4 16
28 5 17 3
28 6 20 0
28 7 20 0
28 8 21 0
28 9 20 0
28 10 18 2
28 11 20 0
28 12 20 0
28 13 2 18
28 14 14 6
28 15 20 0
28 16 2 18
28 17 12 8
28 18 20 1
28 19 19 2
28 20 20 1
28 21 20 0
28 22 3 17
28 23 20 0
28 24 21 0
28 25 18 2
28 26 19 3
28 27 20 0
29 0 0 188
29 1 8 12
29 2 9 11
29 3 17 3
29 4 1 19
29 5 1 19
29 6 14 6
29 7 12 8
29 8 14 6
29 9 20 0
29 10 16 4
29 11 16 5
29 12 19 1
29 13 0 20
29 14 5 15
29 15 20 1
29 16 0 20
29 17 2 18
29 18 13 8
29 19 20 0
29 20 21 0
29 21 21 0
29 22 0 20
29 23 20 0
29 24 20 0
29 25 14 6
29 26 17 3
29 27 19 2
29 28 4 16
30 0 0 192
30 1 1 19
30 2 0 20
30 3 5 15
30 4 0 20
30 5 1 19
30 6 1 19
30 7 0 20
30 8 0 21
30 9 16 4
30 10 2 18
30 11 3 18
30 12 9 11
30 13 0 21
30 14 1 20
30 15 5 15
30 16 0 20
30 17 0 20
30 18 4 20
30 19 20 0
30 20 20 0
30 21 20 0
30 22 1 19
30 23 20 0
30 24 20 0
30 25 0 20
30 26 1 20
30 27 6 14
30 28 0 21
30 29 0 20
