1 0 6 87
2 0 1 73
2 1 4 17
3 0 0 87
3 1 3 19
3 2 5 15
4 0 30 46
4 1 17 3
4 2 20 0
4 3 19 1
5 0 9 87
5 1 5 15
5 2 13 7
5 3 20 0
5 4 1 23
6 0 3 81
6 1 0 20
6 2 3 17
6 3 13 8
6 4 1 19
6 5 0 20
7 0 10 68
7 1 5 15
7 2 14 6
7 3 18 4
7 4 5 15
7 5 10 10
7 6 15 5
8 0 7 79
8 1 3 17
8 2 11 9
8 3 16 4
8 4 4 16
8 5 10 11
8 6 15 5
8 7 11 10
9 0 1 80
9 1 0 20
9 2 5 15
9 3 3 17
9 4 0 20
9 5 4 16
9 6 1 19
9 7 0 20
9 8 1 20
10 0 10 72
10 1 7 13
10 2 17 3
10 3 18 2
10 4 5 15
10 5 13 7
10 6 18 2
10 7 13 7
10 8 17 3
10 9 20 0
11 0 13 59
11 1 10 10
11 2 18 3
11 3 15 5
11 4 4 16
11 5 10 10
11 6 17 4
11 7 17 4
11 8 17 3
11 9 20 0
11 10 6 15
12 0 2 86
12 1 0 20
12 2 5 15
12 3 7 14
12 4 2 18
12 5 0 20
12 6 5 16
12 7 3 17
12 8 3 17
12 9 14 6
12 10 3 19
12 11 1 19
13 0 2 82
13 1 0 20
13 2 0 20
13 3 2 20
13 4 0 20
13 5 0 21
13 6 1 19
13 7 0 20
13 8 0 20
13 9 0 20
13 10 1 19
13 11 1 20
13 12 0 20
14 0 1 91
14 1 0 20
14 2 0 23
14 3 1 19
14 4 1 20
14 5 0 20
14 6 0 20
14 7 0 20
14 8 0 20
14 9 2 18
14 10 0 20
14 11 1 19
14 12 1 19
14 13 16 4
15 0 0 91
15 1 0 20
15 2 0 20
15 3 1 19
15 4 2 18
15 5 0 20
15 6 1 20
15 7 0 20
15 8 0 21
15 9 10 10
15 10 0 21
15 11 1 19
15 12 6 14
15 13 16 4
15 14 14 7
16 0 5 74
16 1 10 10
16 2 15 7
16 3 16 5
16 4 6 15
16 5 13 7
16 6 17 3
16 7 13 10
16 8 15 6
16 9 18 2
16 10 5 15
16 11 7 14
16 12 17 3
16 13 19 1
16 14 20 0
16 15 20 0
17 0 4 69
17 1 3 18
17 2 10 10
17 3 17 3
17 4 2 18
17 5 5 15
17 6 16 4
17 7 7 17
17 8 11 9
17 9 18 2
17 10 6 17
17 11 3 17
17 12 17 3
17 13 18 2
17 14 20 0
17 15 21 1
17 16 8 13
18 0 1 95
18 1 0 21
18 2 0 21
18 3 4 16
18 4 0 20
18 5 1 20
18 6 2 18
18 7 2 19
18 8 1 19
18 9 14 6
18 10 0 20
18 11 4 16
18 12 7 13
18 13 18 2
18 14 19 1
18 15 16 5
18 16 1 19
18 17 1 19
19 0 0 85
19 1 0 20
19 2 0 21
19 3 0 20
19 4 0 20
19 5 0 20
19 6 0 21
19 7 0 20
19 8 0 20
19 9 0 20
19 10 0 20
19 11 0 20
19 12 0 20
19 13 1 19
19 14 0 21
19 15 0 21
19 16 0 20
19 17 0 21
19 18 0 21
20 0 1 87
20 1 0 20
20 2 0 20
20 3 4 16
20 4 0 20
20 5 0 20
20 6 0 20
20 7 1 19
20 8 1 19
20 9 8 12
20 10 0 21
20 11 0 20
20 12 4 16
20 13 17 3
20 14 16 6
20 15 9 11
20 16 0 20
20 17 2 20
20 18 8 12
20 19 20 0
21 0 3 79
21 1 0 22
21 2 1 19
21 3 0 20
21 4 0 20
21 5 0 20
21 6 0 22
21 7 0 20
21 8 0 20
21 9 0 20
21 10 0 20
21 11 0 20
21 12 0 23
21 13 1 19
21 14 0 20
21 15 1 19
21 16 0 20
21 17 0 21
21 18 0 20
21 19 4 16
21 20 1 19
22 0 0 86
22 1 1 22
22 2 0 20
22 3 0 20
22 4 0 20
22 5 0 20
22 6 0 20
22 7 0 20
22 8 0 22
22 9 0 21
22 10 0 22
22 11 0 24
22 12 0 21
22 13 0 20
22 14 1 19
22 15 0 20
22 16 0 21
22 17 0 21
22 18 0 20
22 19 6 14
22 20 0 22
22 21 10 10
23 0 0 81
23 1 0 20
23 2 1 19
23 3 0 20
23 4 0 20
23 5 1 19
23 6 0 20
23 7 0 20
23 8 1 19
23 9 0 21
23 10 0 20
23 11 0 22
23 12 0 20
23 13 1 19
23 14 0 20
23 15 0 20
23 16 0 20
23 17 0 20
23 18 0 20
23 19 4 16
23 20 0 20
23 21 12 8
23 22 9 11
24 0 0 69
24 1 0 20
24 2 0 20
24 3 0 20
24 4 1 20
24 5 0 20
24 6 0 20
24 7 0 20
24 8 0 20
24 9 0 20
24 10 0 20
24 11 0 21
24 12 0 20
24 13 0 20
24 14 0 20
24 15 1 19
24 16 1 21
24 17 0 21
24 18 0 21
24 19 8 12
24 20 0 20
24 21 9 11
24 22 11 9
24 23 8 12
25 0 2 96
25 1 5 15
25 2 7 13
25 3 17 3
25 4 1 19
25 5 3 17
25 6 13 8
25 7 5 15
25 8 7 14
25 9 17 3
25 10 3 18
25 11 2 19
25 12 19 1
25 13 20 0
25 14 20 0
25 15 20 1
25 16 4 16
25 17 7 13
25 18 15 5
25 19 21 0
25 20 20 1
25 21 20 0
25 22 20 0
25 23 20 0
25 24 20 0
26 0 2 93
26 1 2 18
26 2 7 14
26 3 14 6
26 4 1 19
26 5 3 17
26 6 12 8
26 7 4 16
26 8 2 19
26 9 17 3
26 10 1 19
26 11 3 17
26 12 12 8
26 13 20 0
26 14 22 0
26 15 19 1
26 16 2 18
26 17 7 13
26 18 16 4
26 19 19 1
26 20 18 2
26 21 21 0
26 22 21 0
26 23 22 0
26 24 21 0
26 25 8 13
27 0 2 84
27 1 0 20
27 2 1 19
27 3 5 16
27 4 2 18
27 5 1 19
27 6 2 18
27 7 0 21
27 8 3 17
27 9 14 6
27 10 1 20
27 11 0 20
27 12 6 14
27 13 18 2
27 14 20 0
27 15 18 2
27 16 0 21
27 17 1 19
27 18 13 7
27 19 20 0
27 20 17 4
27 21 20 0
27 22 21 0
27 23 20 0
27 24 22 0
27 25 1 19
27 26 2 18
28 0 18 73
28 1 11 9
28 2 18 2
28 3 19 1
28 4 6 14
28 5 14 6
28 6 20 0
28 7 14 6
28 8 17 3
28 9 20 0
28 10 10 10
28 11 8 12
28 12 20 0
28 13 20 0
28 14 20 0
28 15 20 1
28 16 16 5
28 17 17 4
28 18 19 1
28 19 21 0
28 20 21 0
28 21 21 0
28 22 20 0
28 23 20 0
28 24 20 0
28 25 19 1
28 26 20 0
28 27 19 1
29 0 14 84
29 1 8 12
29 2 19 3
29 3 19 1
29 4 7 13
29 5 13 10
29 6 19 1
29 7 14 6
29 8 13 7
29 9 20 0
29 10 8 12
29 11 8 12
29 12 20 0
29 13 20 0
29 14 20 0
29 15 20 0
29 16 9 11
29 17 18 2
29 18 18 2
29 19 20 0
29 20 20 0
29 21 19 1
29 22 20 0
29 23 21 0
29 24 20 0
29 25 16 4
29 26 20 0
29 27 19 1
29 28 5 15
30 0 1 76
30 1 1 19
30 2 4 16
30 3 13 8
30 4 1 19
30 5 5 15
30 6 10 10
30 7 8 13
30 8 10 10
30 9 16 4
30 10 3 18
30 11 2 18
30 12 18 2
30 13 18 2
30 14 18 2
30 15 17 3
30 16 5 15
30 17 8 12
30 18 17 3
30 19 20 0
30 20 17 3
30 21 20 0
30 22 20 0
30 23 20 0
30 24 19 1
30 25 7 14
30 26 8 13
30 27 20 0
30 28 0 20
30 29 3 17
