1 0 27 149
2 0 2 181
2 1 1 19
3 0 1 172
3 1 1 19
3 2 0 20
4 0 46 111
4 1 18 5
4 2 20 0
4 3 19 1
5 0 2 163
5 1 2 19
5 2 17 4
5 3 21 0
5 4 2 18
6 0 3 161
6 1 1 20
6 2 2 18
6 3 19 3
6 4 1 22
6 5 1 19
7 0 14 173
7 1 4 16
7 2 16 4
7 3 19 2
7 4 1 19
7 5 11 9
7 6 17 3
8 0 10 171
8 1 0 20
8 2 16 4
8 3 19 1
8 4 5 15
8 5 9 11
8 6 19 2
8 7 10 10
9 0 3 197
9 1 0 21
9 2 6 14
9 3 12 8
9 4 0 20
9 5 3 19
9 6 7 14
9 7 0 20
9 8 1 19
10 0 27 153
10 1 9 11
10 2 18 2
10 3 20 0
10 4 5 16
10 5 17 6
10 6 20 0
10 7 16 4
10 8 18 2
10 9 19 1
11 0 24 131
11 1 8 12
11 2 18 2
11 3 20 0
11 4 4 16
11 5 16 5
11 6 18 2
11 7 20 2
11 8 18 3
11 9 22 0
11 10 4 16
12 0 4 159
12 1 0 20
12 2 6 16
12 3 18 2
12 4 3 18
12 5 2 21
12 6 14 7
12 7 2 19
12 8 2 18
12 9 19 1
12 10 1 19
12 11 2 18
13 0 49 126
13 1 17 5
13 2 19 1
13 3 20 0
13 4 10 10
13 5 20 0
13 6 20 0
13 7 19 3
13 8 20 0
13 9 20 0
13 10 11 9
13 11 19 1
13 12 21 0
14 0 4 179
14 1 1 19
14 2 12 10
14 3 22 3
14 4 0 21
14 5 4 16
14 6 18 2
14 7 3 18
14 8 11 9
14 9 18 2
14 10 3 18
14 11 4 17
14 12 14 6
14 13 1 19
15 0 0 181
15 1 1 19
15 2 1 19
15 3 4 16
15 4 0 20
15 5 1 19
15 6 1 20
15 7 0 21
15 8 0 20
15 9 2 18
15 10 0 21
15 11 1 19
15 12 1 19
15 13 0 20
15 14 0 20
16 0 61 106
16 1 14 6
16 2 23 0
16 3 20 0
16 4 14 7
16 5 18 2
16 6 21 0
16 7 17 3
16 8 19 1
16 9 20 0
16 10 14 6
16 11 17 4
16 12 19 2
16 13 9 14
16 14 20 0
16 15 20 0
17 0 10 168
17 1 0 22
17 2 18 2
17 3 20 2
17 4 1 20
17 5 7 14
17 6 18 2
17 7 10 10
17 8 9 11
17 9 20 0
17 10 4 16
17 11 5 15
17 12 18 2
17 13 2 19
17 14 16 4
17 15 21 0
17 16 0 20
18 0 2 169
18 1 1 20
18 2 1 20
18 3 9 14
18 4 2 20
18 5 1 19
18 6 2 18
18 7 1 20
18 8 1 19
18 9 11 9
18 10 0 21
18 11 0 21
18 12 6 15
18 13 0 20
18 14 3 17
18 15 19 3
18 16 0 21
18 17 0 20
19 0 4 194
19 1 1 19
19 2 10 10
19 3 20 1
19 4 3 17
19 5 8 13
19 6 16 5
19 7 6 14
19 8 6 14
19 9 18 3
19 10 1 19
19 11 1 20
19 12 13 7
19 13 1 21
19 14 12 8
19 15 18 2
19 16 1 19
19 17 7 14
19 18 19 1
20 0 5 178
20 1 0 21
20 2 2 18
20 3 10 11
20 4 0 21
20 5 2 18
20 6 12 8
20 7 1 19
20 8 0 20
20 9 6 15
20 10 0 20
20 11 0 21
20 12 3 17
20 13 0 20
20 14 3 21
20 15 16 4
20 16 0 21
20 17 0 20
20 18 9 11
20 19 3 20
21 0 0 174
21 1 0 20
21 2 0 20
21 3 0 21
21 4 0 21
21 5 0 20
21 6 2 18
21 7 0 20
21 8 0 20
21 9 0 20
21 10 0 21
21 11 0 21
21 12 0 21
21 13 0 21
21 14 0 21
21 15 1 20
21 16 1 19
21 17 0 22
21 18 2 19
21 19 0 20
21 20 0 20
22 0 18 160
22 1 6 14
22 2 16 4
22 3 20 1
22 4 3 17
22 5 19 2
22 6 21 0
22 7 17 4
22 8 16 6
22 9 17 3
22 10 9 11
22 11 15 5
22 12 19 1
22 13 3 17
22 14 19 1
22 15 20 0
22 16 5 15
22 17 16 5
22 18 21 0
22 19 19 2
22 20 19 1
22 21 19 1
23 0 1 158
23 1 0 20
23 2 2 19
23 3 10 10
23 4 0 21
23 5 2 21
23 6 7 13
23 7 0 20
23 8 1 19
23 9 6 14
23 10 0 22
23 11 1 19
23 12 2 18
23 13 1 19
23 14 3 17
23 15 17 3
23 16 1 19
23 17 1 19
23 18 13 7
23 19 1 19
23 20 7 13
23 21 20 0
23 22 1 19
24 0 1 194
24 1 0 20
24 2 1 20
24 3 4 18
24 4 0 22
24 5 1 19
24 6 1 19
24 7 1 20
24 8 1 20
24 9 0 20
24 10 0 20
24 11 0 20
24 12 0 22
24 13 0 21
24 14 1 19
24 15 13 7
24 16 0 21
24 17 0 20
24 18 6 15
24 19 1 22
24 20 5 15
24 21 21 0
24 22 0 21
24 23 6 14
25 0 3 155
25 1 0 20
25 2 9 11
25 3 17 3
25 4 0 20
25 5 8 14
25 6 16 5
25 7 3 17
25 8 4 16
25 9 22 0
25 10 2 19
25 11 1 19
25 12 10 11
25 13 0 20
25 14 6 15
25 15 19 1
25 16 2 18
25 17 6 14
25 18 18 2
25 19 10 10
25 20 19 2
25 21 21 0
25 22 4 16
25 23 19 1
25 24 21 0
26 0 5 162
26 1 1 20
26 2 3 17
26 3 12 8
26 4 1 19
26 5 2 19
26 6 13 7
26 7 2 18
26 8 2 18
26 9 15 5
26 10 0 21
26 11 2 18
26 12 6 15
26 13 2 20
26 14 5 15
26 15 19 1
26 16 2 18
26 17 4 17
26 18 15 6
26 19 1 20
26 20 18 2
26 21 19 1
26 22 1 19
26 23 15 7
26 24 20 0
26 25 4 16
27 0 3 187
27 1 1 19
27 2 0 21
27 3 10 10
27 4 0 21
27 5 1 19
27 6 4 16
27 7 0 20
27 8 0 21
27 9 3 17
27 10 0 20
27 11 0 22
27 12 1 19
27 13 1 20
27 14 0 20
27 15 19 2
27 16 2 18
27 17 1 20
27 18 12 8
27 19 0 20
27 20 7 13
27 21 20 0
27 22 0 23
27 23 8 12
27 24 15 6
27 25 0 20
27 26 5 15
28 0 3 167
28 1 1 19
28 2 9 13
28 3 17 6
28 4 1 19
28 5 6 14
28 6 11 9
28 7 0 21
28 8 2 18
28 9 13 8
28 10 0 21
28 11 0 20
28 12 6 14
28 13 1 19
28 14 5 15
28 15 20 0
28 16 1 20
28 17 3 18
28 18 18 2
28 19 3 18
28 20 14 6
28 21 21 0
28 22 0 20
28 23 16 4
28 24 19 1
28 25 4 16
28 26 10 10
28 27 19 2
29 0 4 168
29 1 0 20
29 2 7 13
29 3 17 3
29 4 1 19
29 5 4 17
29 6 12 8
29 7 6 15
29 8 2 20
29 9 17 3
29 10 0 20
29 11 0 22
29 12 7 13
29 13 0 20
29 14 5 15
29 15 20 1
29 16 1 22
29 17 6 15
29 18 21 1
29 19 1 20
29 20 15 5
29 21 21 0
29 22 2 18
29 23 18 4
29 24 20 0
29 25 5 15
29 26 14 7
29 27 20 1
29 28 13 8
30 0 0 179
30 1 1 19
30 2 3 17
30 3 7 13
30 4 0 20
30 5 4 17
30 6 5 15
30 7 0 20
30 8 0 20
30 9 9 11
30 10 0 20
30 11 0 22
30 12 0 20
30 13 1 19
30 14 2 21
30 15 17 3
30 16 0 20
30 17 0 21
30 18 10 10
30 19 3 18
30 20 10 10
30 21 20 0
30 22 1 19
30 23 9 12
30 24 12 8
30 25 3 17
30 26 4 17
30 27 13 7
30 28 2 19
30 29 1 19
