1 0 15 160
2 0 1 170
2 1 0 20
3 0 3 187
3 1 0 20
3 2 0 20
4 0 50 104
4 1 19 2
4 2 20 0
4 3 20 0
5 0 5 161
5 1 2 18
5 2 16 4
5 3 18 2
5 4 1 20
6 0 3 175
6 1 0 20
6 2 1 19
6 3 15 5
6 4 1 20
6 5 1 19
7 0 8 172
7 1 1 19
7 2 14 6
7 3 19 1
7 4 2 18
7 5 8 14
7 6 18 2
8 0 4 209
8 1 0 20
8 2 10 10
8 3 18 2
8 4 1 19
8 5 7 13
8 6 15 6
8 7 7 13
9 0 1 180
9 1 0 21
9 2 2 18
9 3 2 18
9 4 0 20
9 5 1 19
9 6 3 17
9 7 0 22
9 8 1 20
10 0 9 153
10 1 7 13
10 2 17 3
10 3 19 1
10 4 4 17
10 5 14 6
10 6 18 3
10 7 19 2
10 8 18 2
10 9 20 0
11 0 12 168
11 1 6 15
11 2 18 3
11 3 21 0
11 4 2 19
11 5 14 6
11 6 17 3
11 7 17 3
11 8 20 1
11 9 20 0
11 10 8 12
12 0 2 169
12 1 0 20
12 2 0 20
12 3 13 7
12 4 0 20
12 5 2 18
12 6 8 12
12 7 0 20
12 8 2 18
12 9 18 2
12 10 1 19
12 11 0 21
13 0 28 141
13 1 8 12
13 2 20 0
13 3 21 0
13 4 5 15
13 5 19 1
13 6 19 1
13 7 19 2
13 8 20 2
13 9 20 0
13 10 20 0
13 11 19 2
13 12 19 1
14 0 3 157
14 1 0 21
14 2 9 11
14 3 20 1
14 4 0 20
14 5 5 15
14 6 17 3
14 7 5 15
14 8 8 14
14 9 19 1
14 10 3 17
14 11 3 17
14 12 20 0
14 13 0 20
15 0 1 186
15 1 1 20
15 2 1 21
15 3 0 20
15 4 1 19
15 5 0 21
15 6 0 20
15 7 0 20
15 8 0 20
15 9 6 14
15 10 1 19
15 11 1 19
15 12 7 13
15 13 0 20
15 14 2 18
16 0 37 140
16 1 14 6
16 2 19 1
16 3 21 0
16 4 8 12
16 5 17 4
16 6 20 0
16 7 16 4
16 8 16 4
16 9 19 1
16 10 17 3
16 11 14 6
16 12 21 0
16 13 11 10
16 14 17 3
16 15 21 0
17 0 4 179
17 1 5 15
17 2 20 1
17 3 18 2
17 4 0 20
17 5 9 11
17 6 19 2
17 7 9 11
17 8 10 10
17 9 19 1
17 10 8 12
17 11 8 12
17 12 20 0
17 13 0 20
17 14 16 6
17 15 20 0
17 16 3 17
18 0 1 161
18 1 2 18
18 2 0 21
18 3 7 14
18 4 0 20
18 5 1 20
18 6 3 18
18 7 2 19
18 8 3 17
18 9 12 8
18 10 0 20
18 11 1 20
18 12 8 12
18 13 0 20
18 14 0 20
18 15 20 1
18 16 0 21
18 17 0 20
19 0 0 176
19 1 1 20
19 2 0 20
19 3 3 18
19 4 1 19
19 5 0 20
19 6 2 18
19 7 0 21
19 8 0 21
19 9 3 17
19 10 0 20
19 11 0 20
19 12 1 21
19 13 0 20
19 14 0 20
19 15 3 17
19 16 0 20
19 17 0 20
19 18 0 20
20 0 2 171
20 1 0 20
20 2 0 21
20 3 2 18
20 4 0 20
20 5 0 20
20 6 1 19
20 7 0 21
20 8 0 20
20 9 0 22
20 10 0 20
20 11 0 20
20 12 0 20
20 13 0 20
20 14 1 19
20 15 0 22
20 16 1 19
20 17 0 20
20 18 0 20
20 19 0 20
21 0 1 165
21 1 0 20
21 2 1 19
21 3 2 18
21 4 1 20
21 5 1 19
21 6 0 21
21 7 0 20
21 8 0 22
21 9 0 20
21 10 0 20
21 11 0 20
21 12 1 19
21 13 0 20
21 14 1 19
21 15 1 19
21 16 0 21
21 17 0 20
21 18 1 21
21 19 0 20
21 20 11 9
22 0 0 182
22 1 1 20
22 2 0 20
22 3 1 20
22 4 0 20
22 5 1 19
22 6 0 20
22 7 0 21
22 8 1 20
22 9 2 19
22 10 0 21
22 11 0 20
22 12 1 19
22 13 0 20
22 14 0 21
22 15 5 16
22 16 0 21
22 17 0 20
22 18 1 19
22 19 8 13
22 20 20 0
22 21 21 0
23 0 0 180
23 1 1 20
23 2 0 20
23 3 1 19
23 4 0 20
23 5 2 18
23 6 0 20
23 7 0 23
23 8 0 22
23 9 1 19
23 10 0 20
23 11 0 20
23 12 0 21
23 13 0 22
23 14 0 20
23 15 2 18
23 16 0 21
23 17 0 20
23 18 1 19
23 19 0 21
23 20 20 2
23 21 18 2
23 22 5 15
24 0 0 207
24 1 0 21
24 2 2 18
24 3 0 21
24 4 1 19
24 5 2 18
24 6 1 21
24 7 2 18
24 8 1 20
24 9 0 22
24 10 0 21
24 11 0 20
24 12 0 20
24 13 0 21
24 14 0 21
24 15 0 21
24 16 0 20
24 17 1 19
24 18 1 19
24 19 0 20
24 20 16 6
24 21 12 9
24 22 0 20
24 23 2 18
25 0 10 149
25 1 2 18
25 2 17 3
25 3 19 1
25 4 1 19
25 5 13 7
25 6 22 1
25 7 15 6
25 8 17 4
25 9 20 0
25 10 6 15
25 11 10 10
25 12 20 0
25 13 6 14
25 14 14 6
25 15 19 1
25 16 2 18
25 17 9 11
25 18 21 1
25 19 19 1
25 20 23 0
25 21 20 0
25 22 19 1
25 23 21 0
25 24 21 1
26 0 1 205
26 1 0 21
26 2 6 15
26 3 20 1
26 4 1 19
26 5 0 21
26 6 13 8
26 7 5 16
26 8 6 14
26 9 21 0
26 10 3 17
26 11 2 18
26 12 19 1
26 13 0 21
26 14 5 16
26 15 18 2
26 16 0 21
26 17 0 20
26 18 19 2
26 19 20 0
26 20 21 0
26 21 20 0
26 22 20 0
26 23 20 0
26 24 20 0
26 25 3 17
27 0 0 178
27 1 0 20
27 2 1 20
27 3 10 10
27 4 0 20
27 5 0 20
27 6 2 18
27 7 1 19
27 8 2 18
27 9 19 1
27 10 1 19
27 11 1 20
27 12 9 11
27 13 0 21
27 14 0 20
27 15 15 6
27 16 1 21
27 17 0 22
27 18 11 11
27 19 18 2
27 20 20 0
27 21 20 0
27 22 20 0
27 23 18 2
27 24 20 0
27 25 0 20
27 26 1 21
28 0 22 134
28 1 10 10
28 2 20 0
28 3 21 0
28 4 3 17
28 5 18 2
28 6 21 0
28 7 15 5
28 8 19 1
28 9 20 0
28 10 15 5
28 11 16 4
28 12 20 0
28 13 6 14
28 14 19 2
28 15 20 0
28 16 5 16
28 17 19 2
28 18 20 0
28 19 20 0
28 20 20 0
28 21 20 0
28 22 20 0
28 23 20 0
28 24 19 1
28 25 19 1
28 26 21 0
28 27 20 0
29 0 6 171
29 1 7 14
29 2 16 4
29 3 21 0
29 4 3 17
29 5 13 7
29 6 20 0
29 7 17 3
29 8 18 2
29 9 20 1
29 10 10 10
29 11 13 7
29 12 21 0
29 13 1 20
29 14 16 6
29 15 20 0
29 16 5 16
29 17 15 6
29 18 19 3
29 19 20 0
29 20 20 1
29 21 21 0
29 22 20 0
29 23 20 0
29 24 19 1
29 25 10 10
29 26 15 6
29 27 19 1
29 28 4 16
30 0 1 195
30 1 0 22
30 2 7 13
30 3 19 1
30 4 0 20
30 5 1 21
30 6 13 7
30 7 4 16
30 8 5 16
30 9 18 2
30 10 1 19
30 11 2 18
30 12 19 1
30 13 0 21
30 14 6 14
30 15 20 0
30 16 0 23
30 17 1 19
30 18 17 3
30 19 20 0
30 20 21 0
30 21 20 0
30 22 18 2
30 23 17 3
30 24 21 0
30 25 4 16
30 26 6 14
30 27 19 1
30 28 0 20
30 29 2 18
