1 0 13 174
2 0 0 182
2 1 0 20
3 0 0 165
3 1 0 22
3 2 0 20
4 0 40 118
4 1 17 3
4 2 19 1
4 3 22 0
5 0 1 173
5 1 5 17
5 2 15 5
5 3 21 0
5 4 1 19
6 0 0 198
6 1 1 19
6 2 2 20
6 3 17 3
6 4 0 20
6 5 2 19
7 0 11 164
7 1 4 17
7 2 12 8
7 3 17 3
7 4 1 21
7 5 9 12
7 6 15 5
8 0 7 171
8 1 4 16
8 2 14 6
8 3 17 3
8 4 1 21
8 5 9 13
8 6 18 2
8 7 8 13
9 0 0 164
9 1 0 20
9 2 0 22
9 3 2 18
9 4 0 20
9 5 0 21
9 6 2 19
9 7 0 21
9 8 0 20
10 0 17 169
10 1 8 14
10 2 20 0
10 3 19 1
10 4 1 20
10 5 16 5
10 6 20 0
10 7 20 1
10 8 17 3
10 9 20 0
11 0 10 166
11 1 7 13
11 2 17 3
11 3 20 0
11 4 2 18
11 5 12 8
11 6 19 1
11 7 17 3
11 8 19 2
11 9 21 0
11 10 7 13
12 0 1 172
12 1 0 23
12 2 2 20
12 3 16 4
12 4 0 20
12 5 1 19
12 6 11 9
12 7 0 20
12 8 0 21
12 9 20 0
12 10 0 20
12 11 0 21
13 0 2 192
13 1 0 20
13 2 0 20
13 3 1 20
13 4 0 21
13 5 0 20
13 6 1 19
13 7 0 21
13 8 0 20
13 9 2 18
13 10 0 20
13 11 0 21
13 12 0 21
14 0 1 189
14 1 0 20
14 2 0 21
14 3 10 10
14 4 0 21
14 5 1 20
14 6 3 17
14 7 0 22
14 8 1 19
14 9 20 0
14 10 0 20
14 11 0 20
14 12 2 18
14 13 20 0
15 0 1 174
15 1 0 20
15 2 1 19
15 3 1 19
15 4 0 21
15 5 0 20
15 6 0 20
15 7 0 20
15 8 0 20
15 9 2 19
15 10 0 20
15 11 0 21
15 12 1 19
15 13 5 15
15 14 1 21
16 0 0 187
16 1 0 20
16 2 0 23
16 3 1 19
16 4 0 20
16 5 0 20
16 6 1 19
16 7 0 20
16 8 0 20
16 9 11 9
16 10 1 19
16 11 0 20
16 12 1 21
16 13 20 1
16 14 3 18
16 15 20 0
17 0 2 186
17 1 1 19
17 2 0 20
17 3 2 18
17 4 0 20
17 5 0 21
17 6 0 20
17 7 0 20
17 8 1 19
17 9 7 15
17 10 0 20
17 11 0 20
17 12 1 20
17 13 16 4
17 14 2 19
17 15 20 1
17 16 3 17
18 0 1 156
18 1 0 21
18 2 1 20
18 3 1 19
18 4 1 19
18 5 1 19
18 6 0 22
18 7 0 20
18 8 0 20
18 9 3 17
18 10 0 21
18 11 0 20
18 12 1 19
18 13 13 8
18 14 0 21
18 15 15 5
18 16 3 17
18 17 4 17
19 0 0 180
19 1 1 19
19 2 10 11
19 3 18 2
19 4 0 21
19 5 4 16
19 6 10 10
19 7 7 14
19 8 7 13
19 9 20 0
19 10 0 20
19 11 0 20
19 12 17 3
19 13 19 1
19 14 20 0
19 15 20 0
19 16 20 0
19 17 20 0
19 18 20 0
20 0 1 163
20 1 0 22
20 2 0 20
20 3 1 20
20 4 0 21
20 5 0 21
20 6 2 18
20 7 0 20
20 8 0 21
20 9 1 20
20 10 0 21
20 11 0 21
20 12 0 21
20 13 4 17
20 14 0 20
20 15 12 9
20 16 0 20
20 17 2 18
20 18 5 16
20 19 1 21
21 0 1 174
21 1 0 20
21 2 0 20
21 3 0 21
21 4 0 20
21 5 0 20
21 6 0 20
21 7 0 21
21 8 0 20
21 9 0 21
21 10 0 20
21 11 0 20
21 12 1 19
21 13 1 20
21 14 0 20
21 15 1 19
21 16 1 20
21 17 0 22
21 18 1 20
21 19 0 21
21 20 0 21
22 0 1 174
22 1 0 20
22 2 2 19
22 3 0 21
22 4 0 20
22 5 1 19
22 6 2 18
22 7 0 20
22 8 1 22
22 9 4 18
22 10 0 20
22 11 0 20
22 12 2 18
22 13 18 2
22 14 1 19
22 15 17 5
22 16 6 15
22 17 8 12
22 18 14 6
22 19 0 21
22 20 19 1
22 21 20 0
23 0 0 193
23 1 0 20
23 2 0 21
23 3 1 19
23 4 0 20
23 5 0 20
23 6 0 20
23 7 0 20
23 8 0 20
23 9 0 20
23 10 0 21
23 11 1 19
23 12 1 20
23 13 7 14
23 14 0 23
23 15 5 15
23 16 2 18
23 17 1 19
23 18 2 18
23 19 0 20
23 20 9 11
23 21 22 0
23 22 0 21
24 0 0 185
24 1 0 21
24 2 0 22
24 3 1 19
24 4 0 20
24 5 0 20
24 6 0 20
24 7 0 20
24 8 0 22
24 9 0 20
24 10 0 20
24 11 0 20
24 12 0 20
24 13 0 21
24 14 0 20
24 15 1 20
24 16 0 22
24 17 0 20
24 18 0 21
24 19 0 20
24 20 0 20
24 21 12 8
24 22 0 20
24 23 0 20
25 0 0 170
25 1 0 20
25 2 0 20
25 3 2 18
25 4 0 20
25 5 0 20
25 6 1 19
25 7 0 21
25 8 0 20
25 9 8 12
25 10 0 21
25 11 0 21
25 12 4 16
25 13 20 0
25 14 1 21
25 15 18 3
25 16 10 10
25 17 14 6
25 18 18 2
25 19 0 20
25 20 20 0
25 21 19 1
25 22 14 7
25 23 20 1
25 24 23 0
26 0 1 184
26 1 0 20
26 2 1 20
26 3 4 16
26 4 0 20
26 5 0 21
26 6 2 18
26 7 0 21
26 8 0 20
26 9 11 9
26 10 0 21
26 11 0 20
26 12 4 16
26 13 19 1
26 14 4 17
26 15 17 3
26 16 18 4
26 17 17 3
26 18 16 4
26 19 0 21
26 20 20 0
26 21 20 0
26 22 19 1
26 23 19 1
26 24 20 0
26 25 19 1
27 0 0 168
27 1 0 20
27 2 1 20
27 3 1 20
27 4 0 20
27 5 1 19
27 6 0 20
27 7 0 20
27 8 0 22
27 9 13 7
27 10 0 22
27 11 0 21
27 12 1 20
27 13 18 2
27 14 4 16
27 15 19 1
27 16 14 6
27 17 19 2
27 18 18 2
27 19 0 21
27 20 20 1
27 21 21 0
27 22 18 2
27 23 19 1
27 24 20 0
27 25 12 8
27 26 5 15
28 0 0 188
28 1 0 20
28 2 1 20
28 3 11 9
28 4 0 21
28 5 2 18
28 6 6 14
28 7 1 20
28 8 0 21
28 9 21 0
28 10 0 20
28 11 0 20
28 12 15 5
28 13 20 0
28 14 17 4
28 15 20 0
28 16 21 0
28 17 20 0
28 18 20 0
28 19 4 16
28 20 20 0
28 21 21 0
28 22 22 0
28 23 20 0
28 24 20 0
28 25 20 0
28 26 20 0
28 27 20 0
29 0 0 175
29 1 0 20
29 2 0 21
29 3 6 14
29 4 0 21
29 5 0 20
29 6 3 18
29 7 0 20
29 8 0 22
29 9 21 0
29 10 0 21
29 11 0 21
29 12 6 14
29 13 20 0
29 14 12 9
29 15 19 1
29 16 18 3
29 17 18 2
29 18 20 0
29 19 0 20
29 20 21 0
29 21 21 0
29 22 21 0
29 23 21 0
29 24 20 0
29 25 19 2
29 26 20 0
29 27 19 1
29 28 2 20
30 0 2 165
30 1 0 20
30 2 0 20
30 3 1 19
30 4 0 20
30 5 0 22
30 6 1 19
30 7 1 19
30 8 2 18
30 9 13 7
30 10 0 20
30 11 1 19
30 12 3 17
30 13 18 2
30 14 8 13
30 15 20 0
30 16 12 9
30 17 17 3
30 18 17 3
30 19 1 19
30 20 20 0
30 21 20 0
30 22 18 2
30 23 21 0
30 24 22 0
30 25 16 4
30 26 7 13
30 27 13 7
30 28 0 22
30 29 1 19
