1 0 6 173
2 0 0 179
2 1 1 19
3 0 2 161
3 1 0 20
3 2 0 20
4 0 32 161
4 1 19 1
4 2 20 0
4 3 21 0
5 0 2 187
5 1 8 12
5 2 20 0
5 3 20 0
5 4 1 19
6 0 1 162
6 1 1 20
6 2 7 13
6 3 20 0
6 4 0 20
6 5 1 19
7 0 5 155
7 1 5 16
7 2 16 5
7 3 20 1
7 4 1 20
7 5 9 11
7 6 15 5
8 0 4 171
8 1 3 17
8 2 17 3
8 3 19 1
8 4 0 20
8 5 5 16
8 6 12 10
8 7 8 12
9 0 0 171
9 1 1 19
9 2 1 20
9 3 10 11
9 4 0 20
9 5 1 19
9 6 5 16
9 7 0 20
9 8 0 21
10 0 9 196
10 1 12 8
10 2 20 1
10 3 20 0
10 4 5 15
10 5 13 7
10 6 17 4
10 7 21 0
10 8 21 0
10 9 20 0
11 0 9 178
11 1 9 11
11 2 19 2
11 3 19 1
11 4 5 15
11 5 10 10
11 6 19 1
11 7 16 4
11 8 17 3
11 9 21 0
11 10 10 11
12 0 0 167
12 1 0 20
12 2 6 14
12 3 13 7
12 4 0 21
12 5 0 20
12 6 5 15
12 7 3 17
12 8 1 19
12 9 18 2
12 10 0 20
12 11 0 20
13 0 22 123
13 1 17 3
13 2 20 0
13 3 20 0
13 4 6 14
13 5 16 4
13 6 20 0
13 7 19 1
13 8 19 1
13 9 21 0
13 10 16 4
13 11 19 1
13 12 19 1
14 0 1 176
14 1 6 16
14 2 16 5
14 3 20 0
14 4 1 19
14 5 3 17
14 6 13 7
14 7 11 9
14 8 10 10
14 9 20 0
14 10 2 18
14 11 3 17
14 12 17 3
14 13 0 20
15 0 1 177
15 1 0 20
15 2 0 20
15 3 3 17
15 4 0 20
15 5 0 20
15 6 3 19
15 7 1 19
15 8 0 20
15 9 4 17
15 10 0 21
15 11 0 20
15 12 3 17
15 13 0 20
15 14 0 20
16 0 32 165
16 1 18 3
16 2 20 0
16 3 21 0
16 4 7 13
16 5 18 2
16 6 20 0
16 7 20 0
16 8 20 0
16 9 20 0
16 10 17 3
16 11 18 2
16 12 21 0
16 13 13 7
16 14 19 1
16 15 20 0
17 0 2 162
17 1 4 16
17 2 20 0
17 3 21 0
17 4 0 20
17 5 9 11
17 6 20 0
17 7 16 4
17 8 17 4
17 9 19 2
17 10 5 15
17 11 6 15
17 12 18 2
17 13 1 20
17 14 19 2
17 15 20 0
17 16 1 19
18 0 0 208
18 1 1 19
18 2 2 18
18 3 7 13
18 4 0 20
18 5 0 20
18 6 0 20
18 7 2 18
18 8 1 19
18 9 13 7
18 10 2 18
18 11 0 20
18 12 7 15
18 13 1 20
18 14 0 20
18 15 12 8
18 16 0 21
18 17 0 20
19 0 0 207
19 1 0 21
19 2 1 20
19 3 1 19
19 4 0 20
19 5 1 19
19 6 1 19
19 7 0 21
19 8 0 20
19 9 1 19
19 10 0 21
19 11 0 20
19 12 1 19
19 13 0 20
19 14 0 20
19 15 4 16
19 16 0 21
19 17 0 20
19 18 1 19
20 0 2 171
20 1 0 20
20 2 0 21
20 3 0 20
20 4 0 20
20 5 1 19
20 6 2 18
20 7 0 20
20 8 0 21
20 9 0 20
20 10 0 20
20 11 0 20
20 12 0 20
20 13 0 21
20 14 0 20
20 15 2 18
20 16 1 19
20 17 0 20
20 18 0 20
20 19 10 10
21 0 1 190
21 1 0 20
21 2 0 20
21 3 1 19
21 4 0 20
21 5 1 19
21 6 0 21
21 7 0 20
21 8 0 20
21 9 0 20
21 10 0 21
21 11 0 20
21 12 1 20
21 13 0 20
21 14 0 20
21 15 1 19
21 16 0 20
21 17 1 19
21 18 0 20
21 19 14 8
21 20 8 12
22 0 5 188
22 1 9 11
22 2 15 5
22 3 20 0
22 4 0 20
22 5 12 8
22 6 16 5
22 7 11 9
22 8 13 7
22 9 18 2
22 10 5 15
22 11 7 14
22 12 19 1
22 13 1 19
22 14 17 5
22 15 19 1
22 16 0 20
22 17 13 7
22 18 19 1
22 19 19 1
22 20 21 0
22 21 20 0
23 0 1 198
23 1 1 19
23 2 0 20
23 3 0 21
23 4 0 20
23 5 1 19
23 6 0 20
23 7 0 20
23 8 0 21
23 9 1 19
23 10 0 20
23 11 0 20
23 12 0 20
23 13 1 20
23 14 0 21
23 15 1 19
23 16 0 21
23 17 1 19
23 18 0 20
23 19 11 9
23 20 11 9
23 21 12 8
23 22 1 19
24 0 2 188
24 1 0 21
24 2 0 20
24 3 0 20
24 4 0 20
24 5 1 19
24 6 0 20
24 7 1 19
24 8 0 20
24 9 1 19
24 10 0 20
24 11 0 20
24 12 0 20
24 13 0 20
24 14 0 21
24 15 5 15
24 16 0 21
24 17 1 19
24 18 4 17
24 19 11 9
24 20 5 15
24 21 9 11
24 22 0 20
24 23 9 11
25 0 6 172
25 1 13 7
25 2 19 2
25 3 20 0
25 4 2 18
25 5 13 8
25 6 17 3
25 7 13 8
25 8 17 3
25 9 20 0
25 10 10 10
25 11 9 12
25 12 19 1
25 13 1 19
25 14 16 4
25 15 18 2
25 16 0 21
25 17 15 5
25 18 18 3
25 19 20 0
25 20 20 0
25 21 20 0
25 22 15 5
25 23 20 0
25 24 21 0
26 0 3 164
26 1 2 18
26 2 7 15
26 3 18 3
26 4 0 20
26 5 1 19
26 6 9 12
26 7 0 21
26 8 0 20
26 9 18 2
26 10 0 20
26 11 0 20
26 12 15 5
26 13 1 19
26 14 2 18
26 15 18 2
26 16 0 20
26 17 2 18
26 18 15 5
26 19 20 1
26 20 20 0
26 21 22 0
26 22 2 18
26 23 21 0
26 24 20 0
26 25 0 21
27 0 1 159
27 1 1 20
27 2 0 20
27 3 2 18
27 4 0 21
27 5 1 19
27 6 0 20
27 7 0 20
27 8 0 21
27 9 10 10
27 10 0 20
27 11 0 20
27 12 2 19
27 13 2 19
27 14 0 20
27 15 7 13
27 16 0 20
27 17 0 20
27 18 4 16
27 19 21 0
27 20 19 1
27 21 20 0
27 22 0 20
27 23 19 2
27 24 17 3
27 25 0 21
27 26 0 20
28 0 17 155
28 1 17 3
28 2 20 1
28 3 20 0
28 4 7 13
28 5 16 4
28 6 21 0
28 7 20 1
28 8 19 1
28 9 21 0
28 10 15 5
28 11 16 5
28 12 20 0
28 13 3 17
28 14 19 1
28 15 19 1
28 16 6 16
28 17 18 2
28 18 20 0
28 19 20 0
28 20 19 1
28 21 19 1
28 22 17 3
28 23 20 0
28 24 20 0
28 25 15 5
28 26 20 0
28 27 21 0
29 0 3 172
29 1 6 14
29 2 17 4
29 3 21 1
29 4 0 20
29 5 5 15
29 6 18 2
29 7 11 9
29 8 14 6
29 9 21 0
29 10 6 14
29 11 6 14
29 12 19 1
29 13 1 19
29 14 12 8
29 15 20 0
29 16 1 19
29 17 13 9
29 18 19 1
29 19 20 0
29 20 20 0
29 21 21 0
29 22 5 15
29 23 20 0
29 24 20 0
29 25 5 15
29 26 17 4
29 27 20 0
29 28 2 18
30 0 2 168
30 1 1 19
30 2 1 19
30 3 13 9
30 4 0 21
30 5 1 19
30 6 3 17
30 7 0 21
30 8 1 19
30 9 9 11
30 10 0 21
30 11 0 22
30 12 4 17
30 13 0 21
30 14 0 20
30 15 13 8
30 16 0 21
30 17 0 21
30 18 8 12
30 19 19 1
30 20 20 0
30 21 20 0
30 22 0 20
30 23 19 1
30 24 19 1
30 25 0 21
30 26 0 21
30 27 15 5
30 28 0 20
30 29 0 20
