1 0 19 160
2 0 9 178
2 1 1 19
3 0 3 187
3 1 0 21
3 2 0 21
4 0 48 130
4 1 19 2
4 2 18 2
4 3 20 0
5 0 7 166
5 1 5 15
5 2 16 4
5 3 19 1
5 4 3 18
6 0 3 155
6 1 1 19
6 2 6 14
6 3 15 6
6 4 0 20
6 5 1 20
7 0 15 187
7 1 1 19
7 2 14 6
7 3 20 0
7 4 1 19
7 5 9 11
7 6 18 2
8 0 3 181
8 1 6 14
8 2 12 8
8 3 13 7
8 4 1 19
8 5 6 14
8 6 14 6
8 7 8 12
9 0 0 183
9 1 0 21
9 2 0 20
9 3 3 17
9 4 0 20
9 5 0 20
9 6 1 19
9 7 0 20
9 8 1 20
10 0 32 171
10 1 5 15
10 2 14 6
10 3 20 1
10 4 3 17
10 5 16 4
10 6 21 0
10 7 17 4
10 8 12 8
10 9 20 0
11 0 18 147
11 1 7 14
11 2 15 5
11 3 20 0
11 4 5 15
11 5 14 6
11 6 18 3
11 7 18 2
11 8 16 4
11 9 22 0
11 10 8 12
12 0 2 177
12 1 1 19
12 2 2 18
12 3 3 17
12 4 0 21
12 5 0 20
12 6 0 22
12 7 0 20
12 8 0 20
12 9 16 4
12 10 0 23
12 11 1 19
13 0 1 170
13 1 1 19
13 2 1 19
13 3 3 19
13 4 0 20
13 5 1 19
13 6 3 18
13 7 0 20
13 8 2 18
13 9 13 7
13 10 1 19
13 11 2 19
13 12 14 7
14 0 1 171
14 1 0 21
14 2 2 18
14 3 11 10
14 4 0 21
14 5 1 20
14 6 10 10
14 7 5 15
14 8 4 16
14 9 19 1
14 10 4 19
14 11 2 19
14 12 17 3
14 13 16 4
15 0 1 168
15 1 1 19
15 2 2 18
15 3 5 15
15 4 0 20
15 5 1 21
15 6 4 16
15 7 2 19
15 8 3 17
15 9 17 3
15 10 0 21
15 11 1 19
15 12 10 11
15 13 10 11
15 14 7 13
16 0 64 117
16 1 19 1
16 2 19 2
16 3 20 0
16 4 13 7
16 5 18 4
16 6 19 1
16 7 19 2
16 8 18 3
16 9 20 0
16 10 16 5
16 11 20 1
16 12 21 0
16 13 21 0
16 14 21 0
16 15 20 0
17 0 20 150
17 1 13 8
17 2 16 4
17 3 21 0
17 4 5 16
17 5 13 7
17 6 19 1
17 7 13 7
17 8 15 5
17 9 20 0
17 10 11 10
17 11 10 10
17 12 20 0
17 13 20 1
17 14 20 1
17 15 21 0
17 16 3 18
18 0 1 174
18 1 0 20
18 2 7 14
18 3 9 11
18 4 1 19
18 5 2 19
18 6 4 16
18 7 6 15
18 8 3 17
18 9 20 1
18 10 3 18
18 11 7 13
18 12 18 4
18 13 17 3
18 14 6 14
18 15 17 4
18 16 2 18
18 17 1 20
19 0 1 176
19 1 0 20
19 2 1 19
19 3 0 21
19 4 0 20
19 5 0 20
19 6 0 22
19 7 0 20
19 8 0 22
19 9 0 20
19 10 1 19
19 11 0 20
19 12 0 21
19 13 0 20
19 14 0 20
19 15 0 21
19 16 0 20
19 17 1 19
19 18 0 20
20 0 2 179
20 1 0 20
20 2 0 21
20 3 0 20
20 4 0 20
20 5 0 20
20 6 0 22
20 7 0 21
20 8 1 19
20 9 1 20
20 10 0 21
20 11 0 21
20 12 0 21
20 13 2 19
20 14 0 20
20 15 1 20
20 16 0 20
20 17 1 19
20 18 0 20
20 19 14 7
21 0 0 183
21 1 0 22
21 2 1 22
21 3 0 20
21 4 0 20
21 5 0 22
21 6 0 23
21 7 0 20
21 8 0 20
21 9 1 19
21 10 0 21
21 11 1 19
21 12 0 20
21 13 0 21
21 14 2 18
21 15 0 20
21 16 0 21
21 17 1 20
21 18 0 20
21 19 8 12
21 20 11 9
22 0 1 179
22 1 0 21
22 2 0 20
22 3 1 19
22 4 0 20
22 5 1 19
22 6 0 20
22 7 1 20
22 8 1 19
22 9 0 20
22 10 0 20
22 11 0 22
22 12 0 20
22 13 0 20
22 14 0 20
22 15 0 21
22 16 0 20
22 17 1 20
22 18 1 19
22 19 10 10
22 20 3 17
22 21 10 10
23 0 1 186
23 1 0 20
23 2 0 20
23 3 0 20
23 4 0 21
23 5 0 20
23 6 0 21
23 7 0 21
23 8 0 20
23 9 0 22
23 10 1 21
23 11 0 21
23 12 0 20
23 13 0 20
23 14 0 20
23 15 0 20
23 16 1 19
23 17 0 21
23 18 0 20
23 19 6 15
23 20 9 11
23 21 7 13
23 22 9 11
24 0 4 186
24 1 0 21
24 2 0 21
24 3 0 20
24 4 0 22
24 5 1 21
24 6 1 20
24 7 0 21
24 8 1 19
24 9 0 21
24 10 0 20
24 11 0 21
24 12 0 21
24 13 0 21
24 14 0 20
24 15 0 20
24 16 0 20
24 17 0 21
24 18 0 20
24 19 6 14
24 20 7 13
24 21 7 13
24 22 10 12
24 23 11 9
25 0 5 206
25 1 2 19
25 2 7 14
25 3 12 8
25 4 2 18
25 5 5 15
25 6 14 7
25 7 0 20
25 8 6 14
25 9 20 1
25 10 2 18
25 11 3 17
25 12 20 0
25 13 17 3
25 14 14 6
25 15 11 9
25 16 0 20
25 17 0 23
25 18 10 11
25 19 20 0
25 20 21 0
25 21 20 0
25 22 20 0
25 23 20 0
25 24 21 0
26 0 3 181
26 1 1 21
26 2 5 15
26 3 8 12
26 4 0 20
26 5 1 19
26 6 12 9
26 7 1 19
26 8 3 18
26 9 18 2
26 10 0 21
26 11 0 20
26 12 20 3
26 13 16 4
26 14 9 12
26 15 15 6
26 16 1 19
26 17 0 22
26 18 9 12
26 19 20 0
26 20 23 0
26 21 21 0
26 22 20 0
26 23 21 0
26 24 20 0
26 25 2 18
27 0 2 190
27 1 0 22
27 2 1 19
27 3 0 21
27 4 0 20
27 5 1 19
27 6 0 20
27 7 0 20
27 8 0 20
27 9 7 14
27 10 0 21
27 11 0 21
27 12 7 15
27 13 3 17
27 14 0 20
27 15 0 21
27 16 0 20
27 17 1 20
27 18 1 19
27 19 19 1
27 20 19 1
27 21 21 0
27 22 21 0
27 23 19 1
27 24 19 2
27 25 0 21
27 26 3 17
28 0 16 171
28 1 8 13
28 2 13 8
28 3 18 2
28 4 2 19
28 5 13 7
28 6 18 2
28 7 13 7
28 8 14 6
28 9 19 1
28 10 5 15
28 11 6 14
28 12 20 1
28 13 21 1
28 14 17 3
28 15 19 1
28 16 1 19
28 17 6 14
28 18 19 2
28 19 20 0
28 20 20 0
28 21 21 0
28 22 20 0
28 23 20 0
28 24 19 1
28 25 18 3
28 26 20 0
28 27 20 0
29 0 10 171
29 1 3 17
29 2 18 4
29 3 21 0
29 4 6 14
29 5 10 10
29 6 20 1
29 7 16 4
29 8 15 5
29 9 21 0
29 10 5 16
29 11 8 12
29 12 20 0
29 13 19 1
29 14 19 1
29 15 19 1
29 16 3 18
29 17 9 12
29 18 18 2
29 19 20 0
29 20 20 0
29 21 21 0
29 22 20 1
29 23 20 0
29 24 20 0
29 25 18 3
29 26 19 1
29 27 22 0
29 28 13 7
30 0 4 170
30 1 1 19
30 2 7 14
30 3 18 4
30 4 1 19
30 5 1 19
30 6 14 6
30 7 3 18
30 8 4 16
30 9 20 0
30 10 1 20
30 11 3 17
30 12 19 1
30 13 20 0
30 14 18 2
30 15 22 0
30 16 2 19
30 17 2 20
30 18 16 4
30 19 22 0
30 20 22 0
30 21 21 0
30 22 21 0
30 23 21 0
30 24 20 0
30 25 12 8
30 26 15 5
30 27 21 0
30 28 2 18
30 29 0 21
