1 0 18 115
2 0 3 128
2 1 0 20
3 0 3 110
3 1 0 20
3 2 2 18
4 0 45 84
4 1 16 4
4 2 19 1
4 3 20 0
5 0 6 122
5 1 4 17
5 2 15 5
5 3 20 0
5 4 1 20
6 0 1 119
6 1 1 19
6 2 2 18
6 3 17 3
6 4 0 20
6 5 1 19
7 0 0 131
7 1 0 20
7 2 13 7
7 3 19 1
7 4 0 20
7 5 8 12
7 6 13 7
8 0 2 118
8 1 1 19
8 2 12 8
8 3 17 3
8 4 1 19
8 5 5 15
8 6 14 6
8 7 7 13
9 0 1 124
9 1 0 20
9 2 0 20
9 3 3 17
9 4 0 20
9 5 0 20
9 6 3 19
9 7 0 21
9 8 1 21
10 0 14 105
10 1 7 13
10 2 18 2
10 3 20 0
10 4 3 17
10 5 10 10
10 6 18 2
10 7 17 3
10 8 18 2
10 9 21 0
11 0 4 135
11 1 6 15
11 2 19 1
11 3 20 0
11 4 2 19
11 5 11 9
11 6 20 0
11 7 20 0
11 8 20 0
11 9 20 0
11 10 10 11
12 0 0 109
12 1 1 19
12 2 5 16
12 3 17 3
12 4 0 20
12 5 1 19
12 6 4 16
12 7 4 16
12 8 5 15
12 9 20 0
12 10 0 20
12 11 1 19
13 0 0 120
13 1 0 20
13 2 1 20
13 3 4 16
13 4 0 20
13 5 0 21
13 6 1 19
13 7 0 21
13 8 0 20
13 9 6 14
13 10 0 20
13 11 0 20
13 12 1 19
14 0 1 121
14 1 0 20
14 2 0 20
14 3 9 11
14 4 0 21
14 5 0 20
14 6 10 10
14 7 2 18
14 8 4 16
14 9 18 2
14 10 0 20
14 11 0 21
14 12 8 12
14 13 19 1
15 0 0 135
15 1 0 21
15 2 0 20
15 3 0 20
15 4 0 20
15 5 1 19
15 6 1 20
15 7 0 20
15 8 0 20
15 9 1 19
15 10 0 20
15 11 0 20
15 12 1 19
15 13 1 21
15 14 2 18
16 0 12 122
16 1 4 16
16 2 20 2
16 3 19 1
16 4 3 17
16 5 16 4
16 6 19 1
16 7 16 4
16 8 19 1
16 9 20 0
16 10 8 13
16 11 15 5
16 12 20 0
16 13 20 0
16 14 20 0
16 15 20 0
17 0 0 101
17 1 1 19
17 2 14 6
17 3 20 0
17 4 0 20
17 5 5 15
17 6 17 3
17 7 10 10
17 8 10 10
17 9 20 0
17 10 5 15
17 11 7 13
17 12 17 3
17 13 20 0
17 14 18 2
17 15 19 1
17 16 0 20
18 0 1 112
18 1 1 20
18 2 0 20
18 3 11 9
18 4 0 20
18 5 1 20
18 6 1 19
18 7 5 15
18 8 8 12
18 9 15 5
18 10 2 18
18 11 2 19
18 12 10 10
18 13 15 5
18 14 11 9
18 15 20 1
18 16 0 20
18 17 1 19
19 0 1 126
19 1 1 19
19 2 7 13
19 3 18 2
19 4 0 21
19 5 6 15
19 6 12 8
19 7 12 8
19 8 12 8
19 9 20 0
19 10 4 16
19 11 5 15
19 12 20 0
19 13 20 0
19 14 19 1
19 15 20 0
19 16 3 18
19 17 11 10
19 18 20 1
20 0 0 127
20 1 0 20
20 2 0 20
20 3 1 19
20 4 0 20
20 5 0 21
20 6 0 21
20 7 0 20
20 8 0 20
20 9 0 22
20 10 0 20
20 11 0 21
20 12 0 20
20 13 1 19
20 14 0 21
20 15 7 13
20 16 0 21
20 17 0 20
20 18 1 19
20 19 0 21
21 0 0 123
21 1 0 20
21 2 0 20
21 3 1 20
21 4 0 20
21 5 0 21
21 6 0 20
21 7 0 21
21 8 0 21
21 9 1 19
21 10 1 20
21 11 0 20
21 12 0 21
21 13 2 18
21 14 0 21
21 15 8 12
21 16 1 21
21 17 0 20
21 18 2 18
21 19 0 20
21 20 9 12
22 0 3 130
22 1 6 14
22 2 22 0
22 3 23 0
22 4 1 19
22 5 13 7
22 6 19 3
22 7 14 6
22 8 19 1
22 9 21 0
22 10 9 11
22 11 13 7
22 12 20 0
22 13 20 0
22 14 21 0
22 15 20 0
22 16 7 13
22 17 18 2
22 18 21 0
22 19 17 3
22 20 21 0
22 21 20 0
23 0 0 131
23 1 0 20
23 2 0 20
23 3 1 19
23 4 1 19
23 5 0 20
23 6 0 21
23 7 0 21
23 8 0 20
23 9 0 20
23 10 0 20
23 11 0 22
23 12 0 20
23 13 0 21
23 14 0 20
23 15 11 9
23 16 0 20
23 17 0 20
23 18 0 20
23 19 0 20
23 20 11 9
23 21 9 11
23 22 0 20
24 0 0 124
24 1 0 20
24 2 1 19
24 3 2 20
24 4 0 20
24 5 0 20
24 6 0 20
24 7 0 20
24 8 0 21
24 9 0 20
24 10 0 20
24 11 0 21
24 12 0 20
24 13 0 20
24 14 0 20
24 15 5 15
24 16 0 20
24 17 0 20
24 18 0 20
24 19 0 20
24 20 5 15
24 21 9 11
24 22 0 21
24 23 10 10
25 0 1 131
25 1 1 19
25 2 7 14
25 3 17 3
25 4 1 19
25 5 6 14
25 6 13 7
25 7 8 13
25 8 7 13
25 9 20 0
25 10 1 19
25 11 0 20
25 12 16 4
25 13 21 0
25 14 17 3
25 15 19 2
25 16 3 17
25 17 6 14
25 18 16 4
25 19 6 14
25 20 20 0
25 21 20 0
25 22 1 19
25 23 20 0
25 24 21 0
26 0 0 129
26 1 0 20
26 2 8 12
26 3 15 5
26 4 0 21
26 5 4 16
26 6 12 10
26 7 5 15
26 8 7 13
26 9 20 0
26 10 1 19
26 11 1 19
26 12 15 6
26 13 20 0
26 14 17 3
26 15 19 1
26 16 1 19
26 17 2 19
26 18 15 5
26 19 1 19
26 20 22 0
26 21 19 1
26 22 0 20
26 23 20 0
26 24 20 0
26 25 3 18
27 0 0 136
27 1 0 20
27 2 0 20
27 3 5 15
27 4 0 20
27 5 1 20
27 6 1 19
27 7 1 19
27 8 1 19
27 9 12 8
27 10 0 20
27 11 1 21
27 12 2 18
27 13 15 6
27 14 3 17
27 15 20 0
27 16 0 20
27 17 0 20
27 18 7 13
27 19 0 21
27 20 20 0
27 21 18 2
27 22 1 19
27 23 20 0
27 24 20 0
27 25 1 19
27 26 1 19
28 0 7 118
28 1 8 12
28 2 19 1
28 3 20 0
28 4 1 19
28 5 11 9
28 6 19 1
28 7 19 1
28 8 20 0
28 9 20 0
28 10 12 8
28 11 11 9
28 12 20 0
28 13 20 0
28 14 20 0
28 15 20 0
28 16 10 10
28 17 16 4
28 18 18 2
28 19 17 3
28 20 21 0
28 21 20 0
28 22 14 6
28 23 21 0
28 24 20 0
28 25 18 2
28 26 19 1
28 27 21 0
29 0 3 108
29 1 0 20
29 2 10 10
29 3 20 0
29 4 0 20
29 5 7 13
29 6 15 5
29 7 15 5
29 8 12 8
29 9 20 0
29 10 1 19
29 11 4 16
29 12 18 2
29 13 20 0
29 14 18 2
29 15 20 0
29 16 0 20
29 17 10 11
29 18 18 3
29 19 8 12
29 20 20 0
29 21 20 0
29 22 4 16
29 23 20 0
29 24 21 0
29 25 11 9
29 26 21 1
29 27 20 0
29 28 2 19
30 0 0 106
30 1 0 20
30 2 0 20
30 3 1 19
30 4 0 20
30 5 0 20
30 6 2 18
30 7 2 18
30 8 0 20
30 9 9 12
30 10 1 19
30 11 0 20
30 12 3 17
30 13 15 5
30 14 2 19
30 15 20 0
30 16 0 21
30 17 0 20
30 18 6 14
30 19 0 21
30 20 19 1
30 21 19 1
30 22 0 20
30 23 20 0
30 24 20 0
30 25 0 20
30 26 1 20
30 27 9 11
30 28 0 20
30 29 0 22
