1 0 10 112
2 0 0 129
2 1 1 19
3 0 2 129
3 1 0 20
3 2 6 14
4 0 9 120
4 1 6 14
4 2 20 0
4 3 20 0
5 0 2 129
5 1 0 20
5 2 17 3
5 3 20 0
5 4 1 19
6 0 1 117
6 1 1 19
6 2 11 9
6 3 20 1
6 4 2 18
6 5 5 15
7 0 1 97
7 1 2 18
7 2 19 1
7 3 18 2
7 4 8 12
7 5 14 6
7 6 14 8
8 0 1 123
8 1 3 17
8 2 17 3
8 3 20 0
8 4 6 14
8 5 15 6
8 6 15 5
8 7 8 12
9 0 0 133
9 1 0 20
9 2 6 15
9 3 12 9
9 4 0 20
9 5 1 19
9 6 5 15
9 7 2 18
9 8 0 21
10 0 3 122
10 1 1 19
10 2 19 1
10 3 20 0
10 4 0 20
10 5 10 10
10 6 12 8
10 7 7 13
10 8 12 9
10 9 20 0
11 0 3 114
11 1 1 19
11 2 15 5
11 3 18 2
11 4 2 18
11 5 12 8
11 6 14 6
11 7 6 14
11 8 5 16
11 9 21 0
11 10 8 12
12 0 2 117
12 1 0 20
12 2 9 12
12 3 15 5
12 4 0 20
12 5 3 17
12 6 4 16
12 7 0 20
12 8 1 19
12 9 13 7
12 10 1 20
12 11 1 19
13 0 21 98
13 1 15 5
13 2 20 0
13 3 21 0
13 4 19 1
13 5 18 2
13 6 19 1
13 7 18 2
13 8 19 1
13 9 20 1
13 10 19 1
13 11 18 2
13 12 19 1
14 0 5 124
14 1 5 15
14 2 20 0
14 3 18 2
14 4 4 16
14 5 17 3
14 6 16 4
14 7 9 11
14 8 11 9
14 9 19 1
14 10 14 7
14 11 13 8
14 12 19 1
14 13 2 19
15 0 2 109
15 1 0 20
15 2 5 15
15 3 14 6
15 4 0 20
15 5 1 19
15 6 5 15
15 7 2 18
15 8 3 17
15 9 7 13
15 10 1 19
15 11 3 17
15 12 8 12
15 13 0 20
15 14 3 17
16 0 23 92
16 1 14 7
16 2 22 0
16 3 22 0
16 4 17 4
16 5 19 1
16 6 21 0
16 7 18 2
16 8 18 2
16 9 18 2
16 10 19 1
16 11 19 1
16 12 20 0
16 13 11 9
16 14 19 1
16 15 20 0
17 0 5 126
17 1 6 14
17 2 20 0
17 3 20 0
17 4 12 9
17 5 19 1
17 6 16 4
17 7 17 3
17 8 19 1
17 9 20 1
17 10 13 7
17 11 21 2
17 12 20 0
17 13 4 16
17 14 13 7
17 15 20 0
17 16 3 17
18 0 3 130
18 1 1 19
18 2 6 14
18 3 16 5
18 4 2 18
18 5 4 16
18 6 7 13
18 7 2 18
18 8 3 17
18 9 11 9
18 10 4 19
18 11 1 19
18 12 12 8
18 13 0 20
18 14 0 20
18 15 15 7
18 16 0 20
18 17 0 20
19 0 1 141
19 1 6 14
19 2 20 0
19 3 20 0
19 4 10 10
19 5 20 0
19 6 20 0
19 7 17 3
19 8 16 5
19 9 19 1
19 10 17 3
19 11 19 1
19 12 20 0
19 13 5 15
19 14 12 8
19 15 18 2
19 16 2 18
19 17 10 10
19 18 20 0
20 0 1 82
20 1 0 20
20 2 0 22
20 3 2 18
20 4 0 20
20 5 0 20
20 6 0 20
20 7 0 20
20 8 0 20
20 9 0 20
20 10 1 19
20 11 0 20
20 12 0 20
20 13 0 20
20 14 0 20
20 15 2 18
20 16 0 21
20 17 0 20
20 18 2 19
20 19 0 20
21 0 1 107
21 1 0 20
21 2 0 21
21 3 0 20
21 4 0 20
21 5 0 21
21 6 0 21
21 7 0 21
21 8 1 19
21 9 0 20
21 10 0 20
21 11 1 19
21 12 1 19
21 13 0 20
21 14 0 20
21 15 2 18
21 16 0 20
21 17 2 18
21 18 1 19
21 19 0 20
21 20 15 5
22 0 0 124
22 1 3 18
22 2 18 2
22 3 20 0
22 4 3 17
22 5 7 13
22 6 12 9
22 7 8 12
22 8 7 13
22 9 18 2
22 10 14 7
22 11 7 13
22 12 16 4
22 13 1 19
22 14 5 15
22 15 17 3
22 16 2 18
22 17 2 18
22 18 16 4
22 19 3 18
22 20 22 0
22 21 20 0
23 0 0 119
23 1 0 20
23 2 0 20
23 3 1 19
23 4 0 20
23 5 0 20
23 6 0 20
23 7 0 20
23 8 0 21
23 9 1 20
23 10 0 21
23 11 0 20
23 12 0 20
23 13 0 20
23 14 1 20
23 15 1 19
23 16 1 19
23 17 0 21
23 18 2 18
23 19 0 20
23 20 13 8
23 21 4 16
23 22 0 20
24 0 0 130
24 1 0 20
24 2 0 20
24 3 1 19
24 4 0 20
24 5 0 20
24 6 0 21
24 7 0 20
24 8 0 20
24 9 0 20
24 10 0 20
24 11 0 20
24 12 0 20
24 13 0 20
24 14 0 20
24 15 2 18
24 16 0 20
24 17 0 20
24 18 0 20
24 19 0 20
24 20 8 12
24 21 8 12
24 22 0 20
24 23 10 10
25 0 1 107
25 1 2 18
25 2 21 0
25 3 20 0
25 4 6 14
25 5 14 7
25 6 20 0
25 7 10 10
25 8 14 6
25 9 20 0
25 10 14 6
25 11 14 6
25 12 19 1
25 13 1 20
25 14 12 8
25 15 20 0
25 16 1 19
25 17 5 15
25 18 20 0
25 19 5 15
25 20 21 0
25 21 21 0
25 22 16 4
25 23 20 0
25 24 20 0
26 0 0 130
26 1 2 18
26 2 17 3
26 3 18 2
26 4 3 17
26 5 14 6
26 6 16 4
26 7 8 12
26 8 4 16
26 9 20 0
26 10 5 15
26 11 12 9
26 12 19 1
26 13 3 17
26 14 2 18
26 15 19 2
26 16 2 18
26 17 3 17
26 18 17 3
26 19 4 16
26 20 20 0
26 21 19 1
26 22 13 7
26 23 20 0
26 24 20 0
26 25 4 16
27 0 3 139
27 1 0 21
27 2 13 7
27 3 19 3
27 4 3 17
27 5 3 17
27 6 10 10
27 7 6 14
27 8 2 19
27 9 16 4
27 10 3 17
27 11 6 14
27 12 19 1
27 13 0 20
27 14 0 20
27 15 18 3
27 16 0 20
27 17 0 20
27 18 18 2
27 19 1 19
27 20 20 0
27 21 20 0
27 22 5 15
27 23 19 1
27 24 20 0
27 25 1 19
27 26 4 16
28 0 3 125
28 1 2 18
28 2 18 2
28 3 19 1
28 4 3 17
28 5 16 4
28 6 20 0
28 7 17 3
28 8 18 2
28 9 19 1
28 10 17 3
28 11 18 3
28 12 20 0
28 13 5 15
28 14 13 7
28 15 19 1
28 16 2 18
28 17 7 14
28 18 19 1
28 19 9 11
28 20 21 0
28 21 20 0
28 22 18 2
28 23 20 0
28 24 21 0
28 25 16 4
28 26 19 2
28 27 19 1
29 0 5 119
29 1 5 15
29 2 20 0
29 3 20 0
29 4 8 12
29 5 18 2
29 6 19 1
29 7 17 3
29 8 16 4
29 9 19 2
29 10 17 3
29 11 15 5
29 12 20 0
29 13 2 18
29 14 13 7
29 15 20 0
29 16 1 19
29 17 8 12
29 18 20 0
29 19 14 6
29 20 21 0
29 21 22 0
29 22 20 1
29 23 20 0
29 24 20 0
29 25 14 6
29 26 20 1
29 27 19 1
29 28 10 10
30 0 2 110
30 1 0 21
30 2 19 1
30 3 20 0
30 4 2 18
30 5 6 14
30 6 17 3
30 7 10 11
30 8 8 15
30 9 17 3
30 10 6 14
30 11 5 16
30 12 15 5
30 13 1 21
30 14 1 23
30 15 15 5
30 16 0 20
30 17 0 20
30 18 14 6
30 19 4 16
30 20 20 0
30 21 18 2
30 22 6 14
30 23 20 0
30 24 20 0
30 25 2 18
30 26 7 14
30 27 11 9
30 28 2 19
30 29 1 19
