1 0 1 193
2 0 3 168
2 1 18 2
3 0 0 172
3 1 11 9
3 2 1 20
4 0 10 160
4 1 21 0
4 2 20 0
4 3 19 1
5 0 3 159
5 1 20 0
5 2 22 1
5 3 19 1
5 4 2 19
6 0 2 175
6 1 18 2
6 2 6 14
6 3 20 1
6 4 1 20
6 5 0 21
7 0 1 145
7 1 19 2
7 2 9 11
7 3 19 1
7 4 0 20
7 5 5 16
7 6 10 10
8 0 3 162
8 1 20 0
8 2 8 13
8 3 18 3
8 4 0 21
8 5 5 15
8 6 8 13
8 7 11 10
9 0 1 178
9 1 9 11
9 2 0 21
9 3 9 12
9 4 0 20
9 5 1 19
9 6 4 18
9 7 0 20
9 8 1 19
10 0 0 160
10 1 19 2
10 2 8 13
10 3 20 1
10 4 0 21
10 5 3 17
10 6 7 13
10 7 9 12
10 8 9 11
10 9 19 1
11 0 1 179
11 1 18 2
11 2 9 12
11 3 17 3
11 4 0 20
11 5 1 19
11 6 7 13
11 7 9 11
11 8 10 10
11 9 20 1
11 10 7 13
12 0 0 189
12 1 11 9
12 2 2 19
12 3 16 4
12 4 0 20
12 5 0 20
12 6 0 20
12 7 1 19
12 8 2 18
12 9 9 11
12 10 1 20
12 11 1 20
13 0 34 123
13 1 21 0
13 2 22 0
13 3 21 0
13 4 18 3
13 5 19 1
13 6 20 0
13 7 20 0
13 8 20 0
13 9 21 1
13 10 20 0
13 11 20 1
13 12 21 0
14 0 1 187
14 1 19 1
14 2 20 0
14 3 20 0
14 4 1 19
14 5 16 4
14 6 18 2
14 7 19 1
14 8 18 2
14 9 19 1
14 10 16 4
14 11 18 2
14 12 20 0
14 13 0 20
15 0 1 168
15 1 1 19
15 2 1 19
15 3 1 19
15 4 0 20
15 5 0 20
15 6 2 19
15 7 0 21
15 8 0 20
15 9 4 17
15 10 1 19
15 11 1 21
15 12 0 20
15 13 0 20
15 14 0 20
16 0 12 159
16 1 20 0
16 2 21 0
16 3 20 0
16 4 5 15
16 5 18 2
16 6 20 1
16 7 20 0
16 8 18 2
16 9 20 0
16 10 19 1
16 11 19 1
16 12 20 0
16 13 1 19
16 14 19 2
16 15 20 0
17 0 2 188
17 1 20 0
17 2 19 2
17 3 20 0
17 4 1 19
17 5 9 12
17 6 19 1
17 7 20 1
17 8 20 1
17 9 20 0
17 10 19 1
17 11 19 1
17 12 19 1
17 13 0 20
17 14 12 8
17 15 20 0
17 16 2 18
18 0 1 181
18 1 14 7
18 2 3 17
18 3 12 8
18 4 1 20
18 5 0 21
18 6 0 22
18 7 6 16
18 8 3 19
18 9 16 4
18 10 10 11
18 11 4 16
18 12 11 9
18 13 0 21
18 14 1 19
18 15 21 0
18 16 2 19
18 17 2 19
19 0 0 153
19 1 3 17
19 2 1 20
19 3 7 13
19 4 0 23
19 5 0 22
19 6 1 19
19 7 1 20
19 8 0 22
19 9 3 17
19 10 1 19
19 11 0 21
19 12 3 17
19 13 0 21
19 14 0 21
19 15 18 4
19 16 0 21
19 17 0 20
19 18 1 20
20 0 1 173
20 1 2 18
20 2 0 21
20 3 1 20
20 4 0 20
20 5 0 20
20 6 1 19
20 7 0 20
20 8 0 20
20 9 0 20
20 10 0 21
20 11 0 20
20 12 0 20
20 13 0 20
20 14 0 20
20 15 3 18
20 16 0 21
20 17 0 20
20 18 0 22
20 19 2 18
21 0 0 171
21 1 1 19
21 2 0 20
21 3 1 20
21 4 0 20
21 5 0 21
21 6 1 19
21 7 0 21
21 8 0 20
21 9 0 20
21 10 0 22
21 11 0 20
21 12 0 21
21 13 0 20
21 14 1 19
21 15 5 15
21 16 0 20
21 17 0 21
21 18 2 19
21 19 1 19
21 20 11 9
22 0 1 180
22 1 1 19
22 2 1 19
22 3 0 20
22 4 0 20
22 5 0 20
22 6 1 20
22 7 1 19
22 8 0 20
22 9 1 19
22 10 0 20
22 11 1 19
22 12 0 21
22 13 0 20
22 14 0 20
22 15 6 14
22 16 0 20
22 17 0 20
22 18 0 20
22 19 2 19
22 20 12 8
22 21 11 10
23 0 0 171
23 1 0 21
23 2 1 19
23 3 0 20
23 4 0 21
23 5 0 20
23 6 1 20
23 7 0 21
23 8 0 20
23 9 0 20
23 10 1 19
23 11 0 20
23 12 0 21
23 13 0 20
23 14 0 21
23 15 4 16
23 16 0 20
23 17 0 20
23 18 1 21
23 19 2 18
23 20 12 8
23 21 11 10
23 22 8 12
24 0 1 196
24 1 0 20
24 2 0 21
24 3 0 22
24 4 0 21
24 5 1 21
24 6 0 20
24 7 0 20
24 8 1 20
24 9 2 19
24 10 0 21
24 11 0 20
24 12 1 19
24 13 0 20
24 14 0 20
24 15 6 15
24 16 0 20
24 17 0 21
24 18 0 22
24 19 0 20
24 20 0 20
24 21 9 11
24 22 5 15
24 23 4 16
25 0 4 182
25 1 20 0
25 2 17 4
25 3 21 0
25 4 1 19
25 5 9 11
25 6 12 10
25 7 17 3
25 8 21 1
25 9 18 2
25 10 16 4
25 11 18 2
25 12 19 1
25 13 0 20
25 14 8 12
25 15 20 0
25 16 1 20
25 17 7 13
25 18 20 2
25 19 19 1
25 20 20 1
25 21 20 0
25 22 20 0
25 23 21 0
25 24 21 0
26 0 1 185
26 1 21 0
26 2 9 11
26 3 16 4
26 4 0 20
26 5 2 18
26 6 7 13
26 7 15 5
26 8 17 6
26 9 21 0
26 10 12 8
26 11 15 5
26 12 20 0
26 13 0 20
26 14 2 19
26 15 18 2
26 16 0 21
26 17 2 19
26 18 17 4
26 19 19 1
26 20 18 2
26 21 21 0
26 22 20 0
26 23 20 0
26 24 20 0
26 25 7 13
27 0 0 163
27 1 3 17
27 2 1 19
27 3 6 14
27 4 0 20
27 5 1 19
27 6 0 20
27 7 2 18
27 8 0 21
27 9 12 10
27 10 1 21
27 11 0 20
27 12 6 14
27 13 0 20
27 14 0 22
27 15 17 4
27 16 1 19
27 17 0 20
27 18 4 17
27 19 14 7
27 20 21 0
27 21 20 0
27 22 19 1
27 23 18 3
27 24 20 0
27 25 0 21
27 26 0 20
28 0 5 172
28 1 19 1
28 2 20 0
28 3 22 0
28 4 7 13
28 5 17 4
28 6 18 2
28 7 20 0
28 8 19 1
28 9 21 0
28 10 19 1
28 11 18 2
28 12 20 1
28 13 0 20
28 14 15 5
28 15 21 0
28 16 12 8
28 17 18 2
28 18 19 1
28 19 20 0
28 20 23 0
28 21 20 0
28 22 20 0
28 23 20 0
28 24 20 0
28 25 18 2
28 26 20 0
28 27 21 0
29 0 1 200
29 1 21 0
29 2 15 6
29 3 20 0
29 4 0 21
29 5 3 17
29 6 12 8
29 7 16 5
29 8 19 3
29 9 19 1
29 10 17 4
29 11 19 1
29 12 20 1
29 13 0 20
29 14 2 18
29 15 19 1
29 16 0 20
29 17 1 20
29 18 16 4
29 19 20 0
29 20 20 0
29 21 20 0
29 22 20 0
29 23 21 0
29 24 21 0
29 25 4 16
29 26 16 4
29 27 20 0
29 28 1 19
30 0 1 196
30 1 19 1
30 2 8 12
30 3 20 0
30 4 0 20
30 5 1 21
30 6 5 15
30 7 9 11
30 8 18 3
30 9 20 0
30 10 16 5
30 11 17 6
30 12 17 3
30 13 0 21
30 14 0 21
30 15 21 0
30 16 0 20
30 17 1 21
30 18 16 4
30 19 21 0
30 20 21 0
30 21 20 0
30 22 19 1
30 23 20 0
30 24 21 0
30 25 3 17
30 26 6 16
30 27 20 0
30 28 0 21
30 29 5 15
