1 0 3 123
2 0 0 131
2 1 2 18
3 0 1 111
3 1 1 20
3 2 0 20
4 0 11 113
4 1 20 1
4 2 20 0
4 3 20 0
5 0 0 121
5 1 14 6
5 2 19 2
5 3 20 0
5 4 3 18
6 0 1 127
6 1 4 16
6 2 8 12
6 3 18 2
6 4 1 20
6 5 1 19
7 0 3 120
7 1 14 6
7 2 18 2
7 3 19 1
7 4 3 17
7 5 16 5
7 6 16 4
8 0 4 127
8 1 8 12
8 2 16 4
8 3 18 2
8 4 1 19
8 5 11 9
8 6 19 1
8 7 5 15
9 0 1 126
9 1 0 20
9 2 3 17
9 3 11 9
9 4 1 19
9 5 2 18
9 6 9 11
9 7 1 19
9 8 1 19
10 0 8 123
10 1 18 2
10 2 21 0
10 3 20 0
10 4 7 15
10 5 13 7
10 6 20 0
10 7 18 2
10 8 18 2
10 9 19 1
11 0 6 128
11 1 15 5
11 2 20 0
11 3 19 1
11 4 4 16
11 5 17 3
11 6 19 1
11 7 11 9
11 8 20 2
11 9 18 2
11 10 5 15
12 0 1 119
12 1 6 14
12 2 13 7
12 3 16 4
12 4 0 21
12 5 6 14
12 6 17 4
12 7 4 16
12 8 9 11
12 9 19 1
12 10 3 18
12 11 1 19
13 0 2 112
13 1 13 7
13 2 18 2
13 3 16 4
13 4 4 16
13 5 7 13
13 6 17 3
13 7 8 13
13 8 9 11
13 9 20 0
13 10 4 17
13 11 6 14
13 12 13 7
14 0 0 138
14 1 0 20
14 2 1 19
14 3 12 9
14 4 0 20
14 5 1 19
14 6 7 14
14 7 2 19
14 8 2 18
14 9 11 10
14 10 0 20
14 11 1 19
14 12 1 19
14 13 0 20
15 0 0 127
15 1 0 20
15 2 0 20
15 3 3 17
15 4 1 19
15 5 1 19
15 6 0 20
15 7 0 20
15 8 0 20
15 9 5 17
15 10 1 20
15 11 0 20
15 12 3 17
15 13 0 20
15 14 1 20
16 0 6 107
16 1 18 3
16 2 17 3
16 3 20 0
16 4 4 16
16 5 15 5
16 6 18 2
16 7 15 6
16 8 15 5
16 9 19 1
16 10 12 8
16 11 9 11
16 12 16 4
16 13 16 4
16 14 20 1
16 15 19 1
17 0 1 110
17 1 7 13
17 2 14 7
17 3 17 3
17 4 0 20
17 5 6 14
17 6 20 1
17 7 4 17
17 8 9 12
17 9 16 4
17 10 5 16
17 11 3 18
17 12 9 11
17 13 8 13
17 14 20 0
17 15 21 0
17 16 0 20
18 0 0 127
18 1 0 20
18 2 4 16
18 3 7 13
18 4 0 20
18 5 0 20
18 6 1 20
18 7 2 18
18 8 2 18
18 9 7 13
18 10 0 20
18 11 0 21
18 12 1 21
18 13 0 21
18 14 3 17
18 15 14 6
18 16 2 18
18 17 4 19
19 0 0 118
19 1 1 19
19 2 5 15
19 3 15 5
19 4 3 18
19 5 3 19
19 6 12 8
19 7 0 20
19 8 0 20
19 9 15 5
19 10 0 20
19 11 2 19
19 12 6 15
19 13 1 19
19 14 12 8
19 15 16 4
19 16 0 20
19 17 3 19
19 18 18 2
20 0 0 122
20 1 0 20
20 2 1 20
20 3 0 20
20 4 0 20
20 5 0 20
20 6 0 20
20 7 0 20
20 8 0 20
20 9 1 19
20 10 0 20
20 11 0 22
20 12 0 20
20 13 0 21
20 14 0 20
20 15 0 20
20 16 0 20
20 17 1 19
20 18 1 19
20 19 1 19
21 0 1 114
21 1 0 20
21 2 0 21
21 3 0 20
21 4 1 19
21 5 0 22
21 6 0 21
21 7 0 20
21 8 0 20
21 9 0 20
21 10 0 20
21 11 1 19
21 12 0 20
21 13 1 19
21 14 0 20
21 15 1 20
21 16 0 20
21 17 0 20
21 18 1 22
21 19 0 21
21 20 5 15
22 0 0 122
22 1 0 20
22 2 7 14
22 3 7 15
22 4 0 20
22 5 1 20
22 6 4 16
22 7 1 19
22 8 1 19
22 9 4 18
22 10 1 20
22 11 0 20
22 12 3 17
22 13 0 20
22 14 3 18
22 15 12 8
22 16 0 20
22 17 2 18
22 18 10 10
22 19 0 20
22 20 21 0
22 21 20 0
23 0 2 134
23 1 0 21
23 2 1 21
23 3 13 7
23 4 0 20
23 5 1 20
23 6 6 14
23 7 0 20
23 8 0 21
23 9 10 10
23 10 0 20
23 11 0 20
23 12 1 19
23 13 1 19
23 14 7 14
23 15 17 3
23 16 0 20
23 17 2 18
23 18 16 4
23 19 4 16
23 20 20 0
23 21 20 0
23 22 9 11
24 0 1 119
24 1 0 20
24 2 0 20
24 3 3 17
24 4 0 20
24 5 0 20
24 6 2 18
24 7 0 21
24 8 2 18
24 9 4 16
24 10 0 20
24 11 0 20
24 12 0 20
24 13 0 20
24 14 4 17
24 15 13 8
24 16 2 18
24 17 0 21
24 18 3 17
24 19 1 19
24 20 21 0
24 21 20 0
24 22 6 15
24 23 3 17
25 0 1 141
25 1 0 20
25 2 2 18
25 3 6 14
25 4 0 20
25 5 2 18
25 6 8 13
25 7 0 21
25 8 0 20
25 9 6 15
25 10 0 20
25 11 0 20
25 12 3 17
25 13 0 21
25 14 7 13
25 15 16 5
25 16 0 20
25 17 0 20
25 18 12 8
25 19 3 17
25 20 19 1
25 21 20 1
25 22 14 7
25 23 13 7
25 24 11 9
26 0 0 125
26 1 2 19
26 2 1 19
26 3 8 12
26 4 1 19
26 5 0 20
26 6 4 18
26 7 0 20
26 8 0 21
26 9 3 17
26 10 1 20
26 11 0 20
26 12 2 18
26 13 2 19
26 14 4 16
26 15 13 7
26 16 0 21
26 17 1 19
26 18 11 9
26 19 5 15
26 20 20 0
26 21 20 0
26 22 9 12
26 23 5 15
26 24 9 11
26 25 5 15
27 0 0 125
27 1 0 20
27 2 0 20
27 3 5 16
27 4 0 20
27 5 0 20
27 6 2 18
27 7 0 20
27 8 1 19
27 9 0 20
27 10 0 20
27 11 0 22
27 12 0 21
27 13 0 20
27 14 1 19
27 15 7 14
27 16 0 20
27 17 0 20
27 18 5 15
27 19 0 20
27 20 20 0
27 21 20 0
27 22 0 20
27 23 5 15
27 24 6 14
27 25 2 19
27 26 2 18
28 0 1 121
28 1 3 17
28 2 6 14
28 3 10 10
28 4 0 20
28 5 3 18
28 6 9 12
28 7 1 19
28 8 1 19
28 9 13 7
28 10 2 18
28 11 0 20
28 12 2 19
28 13 3 17
28 14 11 9
28 15 16 4
28 16 0 20
28 17 2 18
28 18 15 5
28 19 7 13
28 20 20 0
28 21 19 1
28 22 20 0
28 23 14 6
28 24 19 1
28 25 18 2
28 26 19 1
28 27 20 0
29 0 3 137
29 1 1 19
29 2 8 12
29 3 11 9
29 4 1 19
29 5 5 15
29 6 11 9
29 7 3 17
29 8 2 19
29 9 8 12
29 10 1 19
29 11 0 20
29 12 5 15
29 13 2 19
29 14 15 5
29 15 17 3
29 16 3 17
29 17 5 16
29 18 15 6
29 19 11 9
29 20 20 0
29 21 20 0
29 22 19 1
29 23 17 3
29 24 20 0
29 25 16 4
29 26 21 0
29 27 19 1
29 28 10 10
30 0 0 99
30 1 1 19
30 2 1 19
30 3 10 10
30 4 0 20
30 5 0 20
30 6 2 18
30 7 0 21
30 8 1 19
30 9 3 17
30 10 0 20
30 11 2 19
30 12 0 21
30 13 0 20
30 14 1 19
30 15 11 10
30 16 0 20
30 17 1 20
30 18 7 14
30 19 1 19
30 20 20 0
30 21 20 0
30 22 8 12
30 23 8 12
30 24 12 8
30 25 6 14
30 26 13 7
30 27 17 3
30 28 2 18
30 29 2 19
