1 0 7 182
2 0 3 170
2 1 1 19
3 0 2 178
3 1 1 19
3 2 0 21
4 0 23 139
4 1 18 2
4 2 20 0
4 3 19 1
5 0 1 170
5 1 6 16
5 2 17 3
5 3 20 1
5 4 0 20
6 0 3 169
6 1 3 17
6 2 1 20
6 3 14 7
6 4 0 20
6 5 1 21
7 0 7 194
7 1 14 7
7 2 18 3
7 3 19 1
7 4 2 18
7 5 7 13
7 6 18 3
8 0 10 193
8 1 6 14
8 2 16 6
8 3 19 2
8 4 3 19
8 5 8 14
8 6 15 5
8 7 8 12
9 0 1 180
9 1 0 21
9 2 2 19
9 3 15 5
9 4 0 21
9 5 3 17
9 6 7 13
9 7 1 19
9 8 0 20
10 0 13 179
10 1 15 5
10 2 20 0
10 3 19 2
10 4 7 13
10 5 13 7
10 6 20 0
10 7 17 3
10 8 17 3
10 9 20 0
11 0 3 157
11 1 17 4
11 2 17 3
11 3 21 0
11 4 6 14
11 5 17 3
11 6 19 1
11 7 16 4
11 8 18 3
11 9 19 1
11 10 12 8
12 0 2 186
12 1 4 17
12 2 11 9
12 3 12 9
12 4 0 20
12 5 6 14
12 6 8 12
12 7 2 18
12 8 2 18
12 9 18 2
12 10 0 20
12 11 1 19
13 0 1 183
13 1 0 20
13 2 0 20
13 3 3 17
13 4 0 20
13 5 1 19
13 6 1 19
13 7 0 21
13 8 0 20
13 9 1 20
13 10 0 20
13 11 0 21
13 12 1 19
14 0 3 179
14 1 1 20
14 2 10 10
14 3 18 3
14 4 0 20
14 5 2 18
14 6 17 4
14 7 5 16
14 8 6 15
14 9 17 3
14 10 1 19
14 11 1 20
14 12 10 10
14 13 19 1
15 0 1 194
15 1 1 21
15 2 2 19
15 3 1 19
15 4 0 20
15 5 0 20
15 6 1 19
15 7 1 19
15 8 0 22
15 9 2 18
15 10 0 20
15 11 0 20
15 12 2 18
15 13 16 4
15 14 0 20
16 0 18 166
16 1 17 4
16 2 21 0
16 3 19 1
16 4 7 13
16 5 20 1
16 6 21 0
16 7 19 2
16 8 18 2
16 9 21 0
16 10 14 6
16 11 15 5
16 12 19 1
16 13 20 0
16 14 20 0
16 15 19 1
17 0 2 187
17 1 6 14
17 2 18 3
17 3 19 1
17 4 1 20
17 5 7 13
17 6 19 1
17 7 10 10
17 8 11 9
17 9 20 0
17 10 4 17
17 11 6 14
17 12 13 7
17 13 22 0
17 14 17 3
17 15 20 1
17 16 2 18
18 0 1 213
18 1 1 20
18 2 2 18
18 3 11 9
18 4 0 20
18 5 0 21
18 6 2 18
18 7 0 20
18 8 1 19
18 9 9 11
18 10 0 21
18 11 0 20
18 12 5 17
18 13 19 1
18 14 1 19
18 15 17 3
18 16 0 21
18 17 0 21
19 0 1 184
19 1 0 20
19 2 0 20
19 3 0 21
19 4 0 20
19 5 0 20
19 6 0 21
19 7 0 20
19 8 0 22
19 9 0 21
19 10 0 20
19 11 1 19
19 12 0 21
19 13 0 21
19 14 1 19
19 15 0 21
19 16 0 21
19 17 0 22
19 18 1 19
20 0 1 175
20 1 0 20
20 2 0 20
20 3 1 20
20 4 0 20
20 5 0 20
20 6 0 20
20 7 0 21
20 8 0 21
20 9 1 19
20 10 0 21
20 11 0 21
20 12 0 20
20 13 0 20
20 14 0 20
20 15 1 19
20 16 0 20
20 17 1 19
20 18 1 19
20 19 14 8
21 0 0 171
21 1 0 21
21 2 1 19
21 3 0 21
21 4 0 20
21 5 0 21
21 6 0 20
21 7 0 20
21 8 0 20
21 9 0 20
21 10 0 22
21 11 0 21
21 12 1 21
21 13 1 20
21 14 0 20
21 15 0 21
21 16 0 20
21 17 0 20
21 18 1 19
21 19 8 12
21 20 8 12
22 0 2 215
22 1 1 19
22 2 0 22
22 3 0 21
22 4 0 20
22 5 0 20
22 6 0 22
22 7 0 20
22 8 0 21
22 9 0 20
22 10 0 20
22 11 0 22
22 12 0 21
22 13 0 21
22 14 0 21
22 15 1 20
22 16 1 19
22 17 0 20
22 18 0 21
22 19 11 10
22 20 13 7
22 21 10 10
23 0 1 185
23 1 0 21
23 2 1 20
23 3 1 19
23 4 0 21
23 5 0 21
23 6 0 20
23 7 0 20
23 8 0 21
23 9 0 21
23 10 0 20
23 11 0 21
23 12 0 20
23 13 0 20
23 14 0 22
23 15 0 20
23 16 0 20
23 17 0 20
23 18 0 21
23 19 12 9
23 20 15 5
23 21 12 8
23 22 7 13
24 0 0 180
24 1 0 21
24 2 0 20
24 3 0 21
24 4 0 20
24 5 0 20
24 6 0 21
24 7 1 19
24 8 0 21
24 9 0 21
24 10 0 21
24 11 1 19
24 12 0 20
24 13 0 22
24 14 0 20
24 15 0 22
24 16 0 20
24 17 1 19
24 18 0 20
24 19 10 10
24 20 14 9
24 21 9 12
24 22 11 9
24 23 10 10
25 0 4 165
25 1 10 11
25 2 12 8
25 3 19 1
25 4 1 19
25 5 12 9
25 6 18 2
25 7 5 15
25 8 12 8
25 9 19 2
25 10 0 20
25 11 9 14
25 12 16 4
25 13 20 0
25 14 17 4
25 15 22 0
25 16 0 20
25 17 13 8
25 18 19 1
25 19 21 0
25 20 21 0
25 21 20 0
25 22 20 0
25 23 20 0
25 24 21 0
26 0 1 180
26 1 4 16
26 2 17 4
26 3 16 5
26 4 0 21
26 5 10 11
26 6 17 3
26 7 2 18
26 8 5 15
26 9 19 1
26 10 1 21
26 11 3 17
26 12 19 1
26 13 20 0
26 14 14 6
26 15 19 2
26 16 1 19
26 17 5 15
26 18 17 4
26 19 20 0
26 20 20 0
26 21 22 0
26 22 19 1
26 23 20 0
26 24 20 0
26 25 4 16
27 0 1 191
27 1 0 20
27 2 0 20
27 3 2 18
27 4 0 20
27 5 0 20
27 6 0 20
27 7 0 20
27 8 0 20
27 9 2 18
27 10 0 22
27 11 0 20
27 12 0 20
27 13 18 2
27 14 0 21
27 15 3 18
27 16 0 21
27 17 0 20
27 18 1 19
27 19 20 1
27 20 18 2
27 21 21 0
27 22 23 0
27 23 20 1
27 24 21 0
27 25 0 22
27 26 1 19
28 0 13 155
28 1 16 5
28 2 18 2
28 3 21 1
28 4 6 14
28 5 17 4
28 6 20 0
28 7 17 4
28 8 18 2
28 9 21 0
28 10 13 8
28 11 14 8
28 12 22 0
28 13 20 1
28 14 21 0
28 15 21 0
28 16 10 11
28 17 15 5
28 18 20 1
28 19 20 0
28 20 20 0
28 21 20 0
28 22 22 0
28 23 20 0
28 24 20 0
28 25 18 2
28 26 19 2
28 27 21 0
29 0 3 180
29 1 9 11
29 2 15 5
29 3 19 2
29 4 0 20
29 5 12 9
29 6 19 1
29 7 9 12
29 8 10 10
29 9 19 1
29 10 5 15
29 11 7 13
29 12 18 2
29 13 20 0
29 14 20 2
29 15 20 1
29 16 1 19
29 17 14 8
29 18 21 0
29 19 22 0
29 20 20 0
29 21 22 0
29 22 20 0
29 23 20 0
29 24 22 0
29 25 14 7
29 26 14 7
29 27 20 0
29 28 6 14
30 0 0 188
30 1 2 18
30 2 7 16
30 3 16 4
30 4 2 18
30 5 2 18
30 6 14 7
30 7 1 20
30 8 7 13
30 9 18 4
30 10 2 18
30 11 0 20
30 12 7 13
30 13 22 0
30 14 10 11
30 15 19 1
30 16 0 21
30 17 2 19
30 18 19 1
30 19 21 0
30 20 21 0
30 21 20 0
30 22 20 1
30 23 21 0
30 24 22 0
30 25 3 17
30 26 3 17
30 27 20 0
30 28 2 19
30 29 0 20
