1 0 2 123
2 0 4 124
2 1 5 18
3 0 1 113
3 1 8 12
3 2 3 17
4 0 16 110
4 1 19 3
4 2 18 2
4 3 18 3
5 0 10 104
5 1 14 6
5 2 16 4
5 3 20 0
5 4 6 14
6 0 4 126
6 1 8 12
6 2 10 10
6 3 14 6
6 4 4 16
6 5 3 17
7 0 3 123
7 1 4 16
7 2 9 11
7 3 11 9
7 4 2 18
7 5 3 18
7 6 10 11
8 0 0 125
8 1 4 16
8 2 6 17
8 3 10 11
8 4 2 18
8 5 4 18
8 6 7 13
8 7 11 11
9 0 0 136
9 1 0 21
9 2 0 20
9 3 2 18
9 4 0 20
9 5 3 18
9 6 3 17
9 7 0 20
9 8 0 20
10 0 4 124
10 1 10 10
10 2 10 10
10 3 18 2
10 4 2 18
10 5 3 18
10 6 13 8
10 7 16 5
10 8 16 4
10 9 20 0
11 0 6 124
11 1 5 17
11 2 10 10
11 3 16 5
11 4 4 16
11 5 7 13
11 6 10 10
11 7 17 3
11 8 16 4
11 9 20 0
11 10 9 12
12 0 0 137
12 1 0 20
12 2 4 16
12 3 6 14
12 4 0 20
12 5 2 18
12 6 1 19
12 7 5 15
12 8 4 17
12 9 15 5
12 10 0 20
12 11 0 20
13 0 4 133
13 1 6 14
13 2 11 9
13 3 15 6
13 4 3 17
13 5 5 15
13 6 9 12
13 7 13 7
13 8 16 4
13 9 19 2
13 10 15 6
13 11 11 10
13 12 18 2
14 0 3 119
14 1 4 16
14 2 6 14
14 3 13 7
14 4 2 18
14 5 1 19
14 6 6 14
14 7 8 13
14 8 12 8
14 9 19 1
14 10 10 10
14 11 6 15
14 12 17 3
14 13 4 16
15 0 3 130
15 1 1 19
15 2 3 17
15 3 1 19
15 4 1 19
15 5 1 19
15 6 0 20
15 7 5 15
15 8 6 14
15 9 12 8
15 10 0 20
15 11 1 19
15 12 10 10
15 13 1 19
15 14 2 19
16 0 30 88
16 1 17 3
16 2 20 0
16 3 20 0
16 4 12 8
16 5 16 4
16 6 20 0
16 7 19 2
16 8 19 1
16 9 20 0
16 10 20 0
16 11 20 1
16 12 20 0
16 13 19 1
16 14 20 0
16 15 19 1
17 0 20 101
17 1 20 3
17 2 19 2
17 3 19 1
17 4 13 7
17 5 17 3
17 6 19 2
17 7 16 4
17 8 19 1
17 9 20 0
17 10 17 4
17 11 15 6
17 12 18 2
17 13 15 5
17 14 19 1
17 15 20 0
17 16 5 15
18 0 4 118
18 1 4 16
18 2 6 16
18 3 8 12
18 4 0 20
18 5 2 18
18 6 2 18
18 7 8 12
18 8 10 10
18 9 14 6
18 10 5 17
18 11 6 14
18 12 13 8
18 13 6 15
18 14 6 14
18 15 15 5
18 16 0 20
18 17 0 20
19 0 2 128
19 1 0 20
19 2 0 21
19 3 0 20
19 4 2 18
19 5 0 21
19 6 0 20
19 7 0 20
19 8 0 20
19 9 0 20
19 10 0 20
19 11 0 20
19 12 0 21
19 13 0 20
19 14 0 20
19 15 2 18
19 16 0 20
19 17 0 20
19 18 2 19
20 0 0 125
20 1 0 20
20 2 0 20
20 3 1 19
20 4 0 21
20 5 0 20
20 6 0 20
20 7 0 21
20 8 0 20
20 9 1 19
20 10 0 20
20 11 0 20
20 12 0 21
20 13 0 20
20 14 0 20
20 15 0 20
20 16 0 20
20 17 0 20
20 18 0 20
20 19 11 10
21 0 0 127
21 1 0 20
21 2 0 21
21 3 0 20
21 4 0 21
21 5 0 20
21 6 0 20
21 7 0 20
21 8 0 20
21 9 0 21
21 10 0 20
21 11 0 21
21 12 0 20
21 13 1 19
21 14 0 20
21 15 0 20
21 16 0 20
21 17 0 21
21 18 0 20
21 19 14 6
21 20 10 10
22 0 1 132
22 1 1 19
22 2 1 20
22 3 1 20
22 4 0 21
22 5 0 20
22 6 0 21
22 7 1 19
22 8 0 20
22 9 0 20
22 10 0 20
22 11 1 19
22 12 2 19
22 13 0 20
22 14 0 20
22 15 1 19
22 16 0 21
22 17 0 22
22 18 0 20
22 19 9 11
22 20 10 10
22 21 4 16
23 0 1 132
23 1 0 20
23 2 1 19
23 3 2 18
23 4 1 19
23 5 0 20
23 6 0 21
23 7 0 20
23 8 0 21
23 9 3 17
23 10 1 19
23 11 0 20
23 12 1 22
23 13 1 19
23 14 1 19
23 15 1 19
23 16 0 20
23 17 0 20
23 18 0 20
23 19 19 1
23 20 19 1
23 21 16 4
23 22 18 2
24 0 2 141
24 1 0 20
24 2 1 19
24 3 1 19
24 4 0 20
24 5 0 20
24 6 0 20
24 7 0 20
24 8 0 20
24 9 1 19
24 10 0 20
24 11 0 20
24 12 0 20
24 13 0 20
24 14 1 19
24 15 2 18
24 16 0 20
24 17 1 19
24 18 1 19
24 19 7 14
24 20 9 12
24 21 11 10
24 22 15 5
24 23 1 19
25 0 3 118
25 1 2 19
25 2 5 15
25 3 8 12
25 4 3 17
25 5 1 21
25 6 7 14
25 7 10 10
25 8 8 12
25 9 20 0
25 10 2 18
25 11 5 15
25 12 14 6
25 13 5 15
25 14 9 12
25 15 17 3
25 16 0 20
25 17 0 20
25 18 13 8
25 19 19 1
25 20 21 0
25 21 20 0
25 22 20 0
25 23 20 0
25 24 20 0
26 0 4 137
26 1 13 7
26 2 12 8
26 3 17 3
26 4 0 20
26 5 4 16
26 6 10 10
26 7 18 2
26 8 18 2
26 9 20 0
26 10 12 8
26 11 12 8
26 12 17 4
26 13 5 17
26 14 14 6
26 15 18 2
26 16 0 20
26 17 2 18
26 18 13 7
26 19 22 0
26 20 21 0
26 21 20 0
26 22 20 0
26 23 20 0
26 24 20 0
26 25 17 3
27 0 1 119
27 1 0 21
27 2 1 19
27 3 5 15
27 4 0 20
27 5 1 19
27 6 2 18
27 7 2 18
27 8 2 18
27 9 16 4
27 10 1 20
27 11 3 17
27 12 9 11
27 13 2 20
27 14 3 17
27 15 11 10
27 16 1 19
27 17 1 20
27 18 7 13
27 19 20 0
27 20 20 0
27 21 19 1
27 22 20 0
27 23 19 2
27 24 20 0
27 25 4 17
27 26 0 21
28 0 18 115
28 1 16 4
28 2 17 4
28 3 19 2
28 4 7 15
28 5 9 11
28 6 11 10
28 7 18 2
28 8 17 3
28 9 19 1
28 10 19 3
28 11 18 2
28 12 19 2
28 13 14 6
28 14 17 3
28 15 20 0
28 16 4 16
28 17 9 11
28 18 16 4
28 19 20 1
28 20 20 0
28 21 20 0
28 22 20 0
28 23 21 0
28 24 20 0
28 25 18 2
28 26 19 1
28 27 21 0
29 0 6 114
29 1 15 5
29 2 20 0
29 3 18 2
29 4 3 19
29 5 14 6
29 6 16 5
29 7 20 0
29 8 19 1
29 9 20 0
29 10 19 1
29 11 15 5
29 12 20 0
29 13 13 7
29 14 17 3
29 15 18 2
29 16 2 21
29 17 6 14
29 18 18 2
29 19 21 0
29 20 20 0
29 21 21 0
29 22 20 0
29 23 20 0
29 24 20 0
29 25 19 1
29 26 17 3
29 27 20 0
29 28 7 13
30 0 1 107
30 1 14 6
30 2 11 9
30 3 17 4
30 4 0 20
30 5 3 17
30 6 14 6
30 7 15 5
30 8 15 5
30 9 20 0
30 10 12 8
30 11 17 3
30 12 20 0
30 13 13 7
30 14 15 5
30 15 20 2
30 16 3 17
30 17 3 18
30 18 19 2
30 19 21 0
30 20 20 0
30 21 21 0
30 22 21 0
30 23 19 1
30 24 20 0
30 25 19 2
30 26 8 12
30 27 20 0
30 28 3 18
30 29 1 19
