1 0 1 133
2 0 0 125
2 1 5 15
3 0 0 107
3 1 0 20
3 2 0 21
4 0 1 124
4 1 16 6
4 2 18 2
4 3 19 1
5 0 1 121
5 1 13 7
5 2 17 3
5 3 20 0
5 4 8 12
6 0 1 113
6 1 4 16
6 2 7 13
6 3 16 4
6 4 4 16
6 5 2 18
7 0 2 116
7 1 19 1
7 2 20 0
7 3 21 0
7 4 19 2
7 5 20 0
7 6 19 1
8 0 2 106
8 1 18 2
8 2 21 0
8 3 20 0
8 4 20 0
8 5 17 3
8 6 21 0
8 7 8 12
9 0 1 130
9 1 0 21
9 2 0 20
9 3 7 13
9 4 0 20
9 5 0 20
9 6 1 20
9 7 0 20
9 8 1 19
10 0 2 109
10 1 19 1
10 2 19 1
10 3 21 0
10 4 19 1
10 5 18 2
10 6 21 0
10 7 6 15
10 8 8 13
10 9 20 0
11 0 1 121
11 1 18 2
11 2 21 0
11 3 21 0
11 4 17 3
11 5 17 3
11 6 19 1
11 7 7 14
11 8 5 15
11 9 20 0
11 10 7 13
12 0 1 131
12 1 0 20
12 2 1 19
12 3 9 11
12 4 1 20
12 5 1 19
12 6 4 16
12 7 0 20
12 8 0 20
12 9 11 9
12 10 0 20
12 11 0 20
13 0 0 118
13 1 13 8
13 2 16 4
13 3 20 0
13 4 7 14
13 5 10 11
13 6 18 2
13 7 2 20
13 8 1 22
13 9 20 0
13 10 2 18
13 11 3 17
13 12 20 1
14 0 0 116
14 1 7 13
14 2 8 12
14 3 17 3
14 4 2 18
14 5 0 20
14 6 10 10
14 7 0 21
14 8 1 19
14 9 20 1
14 10 1 19
14 11 1 20
14 12 19 1
14 13 3 17
15 0 1 140
15 1 2 18
15 2 1 19
15 3 1 20
15 4 1 21
15 5 1 20
15 6 1 20
15 7 0 20
15 8 0 20
15 9 13 7
15 10 0 20
15 11 0 20
15 12 7 13
15 13 1 19
15 14 0 20
16 0 1 129
16 1 20 0
16 2 20 0
16 3 20 0
16 4 19 1
16 5 19 1
16 6 20 0
16 7 6 14
16 8 8 12
16 9 21 0
16 10 9 11
16 11 7 15
16 12 21 0
16 13 19 1
16 14 21 0
16 15 20 0
17 0 0 110
17 1 12 8
17 2 19 1
17 3 18 2
17 4 7 13
17 5 14 6
17 6 18 2
17 7 4 17
17 8 4 16
17 9 20 0
17 10 1 19
17 11 2 18
17 12 20 0
17 13 12 8
17 14 17 3
17 15 19 1
17 16 2 18
18 0 0 128
18 1 7 14
18 2 5 15
18 3 16 4
18 4 4 16
18 5 4 17
18 6 14 7
18 7 2 18
18 8 2 18
18 9 18 2
18 10 1 19
18 11 4 16
18 12 15 5
18 13 6 14
18 14 8 13
18 15 21 0
18 16 1 19
18 17 2 18
19 0 0 111
19 1 0 21
19 2 0 20
19 3 5 17
19 4 0 21
19 5 1 19
19 6 5 15
19 7 0 21
19 8 0 20
19 9 11 9
19 10 0 21
19 11 0 20
19 12 7 13
19 13 1 21
19 14 0 20
19 15 7 13
19 16 0 20
19 17 0 20
19 18 5 15
20 0 0 118
20 1 1 19
20 2 0 20
20 3 2 18
20 4 0 20
20 5 1 19
20 6 2 20
20 7 0 20
20 8 0 20
20 9 5 16
20 10 0 20
20 11 1 20
20 12 5 15
20 13 0 20
20 14 1 20
20 15 8 12
20 16 1 20
20 17 0 20
20 18 3 17
20 19 4 17
21 0 0 127
21 1 0 20
21 2 0 20
21 3 3 17
21 4 0 20
21 5 2 18
21 6 1 19
21 7 0 21
21 8 3 17
21 9 7 14
21 10 0 20
21 11 0 20
21 12 5 15
21 13 0 20
21 14 1 19
21 15 11 9
21 16 0 20
21 17 0 20
21 18 2 18
21 19 2 18
21 20 15 6
22 0 0 122
22 1 1 19
22 2 1 19
22 3 5 15
22 4 0 21
22 5 1 19
22 6 2 18
22 7 0 20
22 8 0 20
22 9 13 8
22 10 0 20
22 11 0 20
22 12 7 13
22 13 1 19
22 14 3 17
22 15 12 8
22 16 0 20
22 17 1 19
22 18 2 19
22 19 11 9
22 20 16 4
22 21 15 5
23 0 0 106
23 1 0 20
23 2 3 17
23 3 7 13
23 4 1 19
23 5 0 21
23 6 3 17
23 7 0 21
23 8 0 20
23 9 15 5
23 10 0 20
23 11 0 20
23 12 14 6
23 13 2 18
23 14 2 18
23 15 13 7
23 16 0 21
23 17 0 20
23 18 5 15
23 19 11 9
23 20 18 2
23 21 18 2
23 22 16 4
24 0 0 131
24 1 0 22
24 2 0 20
24 3 2 18
24 4 0 20
24 5 0 20
24 6 0 20
24 7 0 20
24 8 0 20
24 9 1 19
24 10 0 20
24 11 0 20
24 12 0 20
24 13 1 20
24 14 0 20
24 15 2 18
24 16 0 20
24 17 0 21
24 18 1 19
24 19 0 20
24 20 0 20
24 21 2 18
24 22 0 20
24 23 1 19
25 0 0 122
25 1 5 16
25 2 10 11
25 3 16 5
25 4 1 19
25 5 7 14
25 6 10 11
25 7 0 20
25 8 1 19
25 9 21 0
25 10 0 20
25 11 0 20
25 12 20 0
25 13 5 15
25 14 7 13
25 15 17 3
25 16 0 21
25 17 1 19
25 18 4 16
25 19 19 1
25 20 19 1
25 21 18 2
25 22 19 1
25 23 20 0
25 24 20 0
26 0 0 122
26 1 6 15
26 2 2 18
26 3 10 11
26 4 0 20
26 5 4 16
26 6 8 12
26 7 0 20
26 8 0 20
26 9 19 1
26 10 0 20
26 11 1 19
26 12 15 5
26 13 4 16
26 14 8 12
26 15 15 5
26 16 0 22
26 17 2 18
26 18 8 13
26 19 18 3
26 20 20 0
26 21 19 2
26 22 19 1
26 23 18 2
26 24 20 0
26 25 8 12
27 0 0 146
27 1 0 20
27 2 2 20
27 3 3 17
27 4 0 20
27 5 2 18
27 6 2 20
27 7 0 20
27 8 0 20
27 9 5 16
27 10 0 20
27 11 1 19
27 12 3 18
27 13 0 20
27 14 0 20
27 15 2 18
27 16 0 20
27 17 0 20
27 18 2 18
27 19 2 18
27 20 7 13
27 21 5 16
27 22 3 17
27 23 0 20
27 24 19 1
27 25 0 20
27 26 1 19
28 0 0 133
28 1 13 9
28 2 15 5
28 3 17 3
28 4 10 11
28 5 12 8
28 6 16 4
28 7 2 19
28 8 2 18
28 9 20 0
28 10 1 21
28 11 4 17
28 12 20 0
28 13 10 10
28 14 17 3
28 15 20 0
28 16 1 19
28 17 14 7
28 18 14 6
28 19 19 1
28 20 20 0
28 21 20 0
28 22 20 0
28 23 20 0
28 24 20 0
28 25 18 2
28 26 21 0
28 27 20 0
29 0 0 131
29 1 12 8
29 2 19 1
29 3 21 0
29 4 15 6
29 5 13 7
29 6 15 5
29 7 5 15
29 8 3 17
29 9 20 0
29 10 5 16
29 11 4 17
29 12 21 0
29 13 13 7
29 14 19 1
29 15 20 0
29 16 4 16
29 17 15 5
29 18 16 4
29 19 20 0
29 20 20 0
29 21 20 0
29 22 20 0
29 23 20 0
29 24 20 0
29 25 19 1
29 26 20 0
29 27 20 0
29 28 15 6
30 0 1 127
30 1 3 17
30 2 0 20
30 3 10 10
30 4 0 20
30 5 1 19
30 6 6 16
30 7 1 20
30 8 0 21
30 9 17 3
30 10 0 20
30 11 0 20
30 12 15 5
30 13 0 20
30 14 2 18
30 15 19 2
30 16 0 20
30 17 0 20
30 18 5 15
30 19 16 4
30 20 20 0
30 21 19 1
30 22 16 6
30 23 13 7
30 24 20 0
30 25 5 15
30 26 3 17
30 27 19 1
30 28 0 20
30 29 0 20
