1 0 2 79
2 0 0 88
2 1 4 16
3 0 0 83
3 1 2 18
3 2 1 20
4 0 6 73
4 1 16 4
4 2 19 1
4 3 19 1
5 0 5 83
5 1 6 14
5 2 17 3
5 3 19 1
5 4 0 21
6 0 0 89
6 1 1 19
6 2 5 15
6 3 16 4
6 4 0 20
6 5 0 21
7 0 3 81
7 1 12 8
7 2 16 4
7 3 20 0
7 4 11 10
7 5 11 9
7 6 18 2
8 0 5 87
8 1 11 9
8 2 16 4
8 3 20 0
8 4 5 15
8 5 10 10
8 6 14 6
8 7 7 14
9 0 1 89
9 1 2 18
9 2 1 24
9 3 4 16
9 4 0 20
9 5 1 19
9 6 2 19
9 7 0 20
9 8 0 21
10 0 13 72
10 1 17 3
10 2 17 3
10 3 20 1
10 4 9 11
10 5 16 4
10 6 20 2
10 7 14 6
10 8 18 2
10 9 19 1
11 0 11 84
11 1 16 4
11 2 15 5
11 3 19 1
11 4 11 10
11 5 18 2
11 6 19 1
11 7 10 10
11 8 17 3
11 9 20 0
11 10 13 7
12 0 1 82
12 1 3 17
12 2 7 13
12 3 12 8
12 4 1 20
12 5 5 16
12 6 6 14
12 7 0 20
12 8 2 19
12 9 16 4
12 10 0 21
12 11 0 20
13 0 10 77
13 1 20 0
13 2 18 2
13 3 20 0
13 4 11 9
13 5 19 1
13 6 19 1
13 7 17 3
13 8 18 2
13 9 20 0
13 10 10 10
13 11 17 7
13 12 19 1
14 0 2 83
14 1 3 17
14 2 10 12
14 3 19 2
14 4 0 20
14 5 1 21
14 6 15 5
14 7 4 16
14 8 3 17
14 9 20 1
14 10 0 20
14 11 2 19
14 12 15 6
14 13 0 20
15 0 1 78
15 1 1 19
15 2 0 20
15 3 1 19
15 4 0 21
15 5 1 20
15 6 1 19
15 7 0 20
15 8 0 20
15 9 10 11
15 10 0 20
15 11 0 20
15 12 7 15
15 13 0 20
15 14 0 21
16 0 8 79
16 1 18 4
16 2 20 1
16 3 20 0
16 4 12 8
16 5 16 5
16 6 20 0
16 7 12 8
16 8 17 4
16 9 20 0
16 10 8 12
16 11 9 11
16 12 20 0
16 13 5 15
16 14 18 2
16 15 20 0
17 0 1 88
17 1 7 13
17 2 19 1
17 3 20 0
17 4 0 21
17 5 7 13
17 6 20 2
17 7 4 16
17 8 11 10
17 9 18 2
17 10 1 19
17 11 4 17
17 12 15 5
17 13 4 17
17 14 16 4
17 15 21 0
17 16 3 17
18 0 1 82
18 1 2 20
18 2 1 21
18 3 8 13
18 4 1 20
18 5 0 21
18 6 2 18
18 7 2 18
18 8 1 19
18 9 15 5
18 10 0 22
18 11 0 20
18 12 7 14
18 13 0 20
18 14 1 20
18 15 19 1
18 16 0 20
18 17 0 20
19 0 0 78
19 1 0 20
19 2 0 20
19 3 0 20
19 4 0 20
19 5 0 20
19 6 1 19
19 7 0 20
19 8 0 20
19 9 0 20
19 10 0 22
19 11 0 20
19 12 0 20
19 13 0 21
19 14 0 22
19 15 0 20
19 16 0 20
19 17 0 20
19 18 0 21
20 0 0 73
20 1 0 20
20 2 0 20
20 3 1 19
20 4 0 22
20 5 0 20
20 6 0 21
20 7 0 21
20 8 0 21
20 9 0 21
20 10 0 20
20 11 0 20
20 12 0 20
20 13 1 19
20 14 0 20
20 15 0 21
20 16 0 20
20 17 1 19
20 18 1 19
20 19 7 13
21 0 1 95
21 1 0 20
21 2 0 21
21 3 0 20
21 4 0 20
21 5 0 20
21 6 0 21
21 7 0 20
21 8 0 20
21 9 1 19
21 10 0 20
21 11 0 20
21 12 0 20
21 13 0 20
21 14 1 19
21 15 1 19
21 16 0 20
21 17 0 21
21 18 0 20
21 19 13 7
21 20 13 7
22 0 0 82
22 1 0 20
22 2 0 20
22 3 0 20
22 4 0 20
22 5 0 20
22 6 1 19
22 7 0 20
22 8 0 20
22 9 0 20
22 10 0 20
22 11 0 21
22 12 1 19
22 13 0 20
22 14 0 20
22 15 0 20
22 16 0 22
22 17 0 21
22 18 0 21
22 19 6 14
22 20 13 8
22 21 12 8
23 0 0 79
23 1 0 20
23 2 0 20
23 3 0 21
23 4 0 21
23 5 0 20
23 6 0 20
23 7 0 20
23 8 0 20
23 9 0 21
23 10 0 20
23 11 0 20
23 12 0 21
23 13 0 20
23 14 0 22
23 15 1 19
23 16 0 20
23 17 0 20
23 18 0 20
23 19 10 10
23 20 14 7
23 21 11 9
23 22 10 10
24 0 0 84
24 1 0 20
24 2 0 22
24 3 0 20
24 4 0 21
24 5 0 20
24 6 0 20
24 7 0 20
24 8 0 20
24 9 1 21
24 10 0 20
24 11 0 21
24 12 0 20
24 13 0 20
24 14 0 20
24 15 0 23
24 16 0 20
24 17 1 19
24 18 0 20
24 19 7 13
24 20 12 8
24 21 13 7
24 22 11 9
24 23 10 10
25 0 0 84
25 1 2 18
25 2 5 16
25 3 9 11
25 4 2 18
25 5 2 18
25 6 5 15
25 7 0 20
25 8 1 19
25 9 18 2
25 10 0 20
25 11 0 20
25 12 7 13
25 13 1 19
25 14 3 17
25 15 15 5
25 16 0 20
25 17 3 17
25 18 15 5
25 19 20 0
25 20 20 0
25 21 20 0
25 22 20 0
25 23 20 0
25 24 21 0
26 0 0 97
26 1 0 20
26 2 1 20
26 3 8 14
26 4 0 20
26 5 0 21
26 6 7 13
26 7 0 20
26 8 0 20
26 9 13 7
26 10 0 20
26 11 0 20
26 12 5 15
26 13 1 19
26 14 3 17
26 15 16 4
26 16 0 20
26 17 0 20
26 18 9 12
26 19 20 0
26 20 20 0
26 21 21 0
26 22 20 0
26 23 20 0
26 24 20 0
26 25 9 14
27 0 0 86
27 1 1 19
27 2 0 20
27 3 0 20
27 4 0 20
27 5 0 20
27 6 0 22
27 7 1 19
27 8 0 21
27 9 5 15
27 10 0 22
27 11 0 20
27 12 1 19
27 13 0 20
27 14 0 20
27 15 5 16
27 16 0 21
27 17 0 20
27 18 3 17
27 19 20 0
27 20 20 0
27 21 20 0
27 22 20 0
27 23 21 0
27 24 19 1
27 25 0 20
27 26 0 20
28 0 7 93
28 1 14 8
28 2 13 7
28 3 18 2
28 4 5 15
28 5 12 8
28 6 18 2
28 7 10 10
28 8 7 13
28 9 20 0
28 10 4 17
28 11 4 17
28 12 19 1
28 13 1 19
28 14 19 2
28 15 20 1
28 16 7 14
28 17 10 10
28 18 20 1
28 19 21 0
28 20 20 0
28 21 20 0
28 22 20 0
28 23 20 1
28 24 20 0
28 25 20 0
28 26 20 0
28 27 20 0
29 0 3 77
29 1 8 13
29 2 17 3
29 3 19 1
29 4 4 16
29 5 14 6
29 6 16 4
29 7 5 15
29 8 11 9
29 9 19 1
29 10 1 20
29 11 1 19
29 12 19 1
29 13 4 17
29 14 19 1
29 15 20 0
29 16 1 19
29 17 13 7
29 18 17 3
29 19 20 0
29 20 21 0
29 21 20 0
29 22 20 0
29 23 20 0
29 24 20 0
29 25 19 1
29 26 20 0
29 27 20 0
29 28 7 14
30 0 0 74
30 1 1 19
30 2 4 16
30 3 15 5
30 4 0 22
30 5 1 20
30 6 9 11
30 7 0 20
30 8 2 18
30 9 15 5
30 10 0 20
30 11 0 20
30 12 7 13
30 13 1 20
30 14 5 15
30 15 19 1
30 16 1 19
30 17 2 21
30 18 18 2
30 19 21 0
30 20 20 0
30 21 22 0
30 22 20 0
30 23 20 0
30 24 20 0
30 25 13 7
30 26 19 1
30 27 19 1
30 28 2 18
30 29 3 18
