1 0 6 74
2 0 3 89
2 1 4 17
3 0 1 82
3 1 1 19
3 2 0 20
4 0 6 78
4 1 12 8
4 2 20 0
4 3 20 0
5 0 3 80
5 1 5 16
5 2 14 6
5 3 18 2
5 4 0 20
6 0 0 93
6 1 2 18
6 2 4 16
6 3 17 3
6 4 0 20
6 5 3 19
7 0 2 87
7 1 9 11
7 2 17 3
7 3 20 1
7 4 5 15
7 5 11 9
7 6 19 1
8 0 7 73
8 1 9 11
8 2 15 6
8 3 20 1
8 4 4 17
8 5 11 9
8 6 20 0
8 7 10 10
9 0 0 96
9 1 0 20
9 2 0 21
9 3 1 19
9 4 1 19
9 5 0 20
9 6 1 22
9 7 0 20
9 8 0 20
10 0 5 66
10 1 14 7
10 2 15 5
10 3 20 0
10 4 9 11
10 5 19 1
10 6 20 1
10 7 17 3
10 8 19 1
10 9 20 0
11 0 13 73
11 1 9 11
11 2 17 3
11 3 20 0
11 4 3 18
11 5 12 9
11 6 20 0
11 7 12 9
11 8 15 5
11 9 20 0
11 10 9 11
12 0 2 87
12 1 0 20
12 2 5 16
12 3 10 10
12 4 0 20
12 5 0 20
12 6 5 15
12 7 3 17
12 8 1 19
12 9 20 1
12 10 0 23
12 11 1 19
13 0 0 81
13 1 1 19
13 2 1 19
13 3 7 13
13 4 0 21
13 5 0 20
13 6 4 16
13 7 0 20
13 8 0 20
13 9 18 3
13 10 0 21
13 11 0 20
13 12 6 14
14 0 2 83
14 1 2 18
14 2 5 15
14 3 16 4
14 4 0 20
14 5 2 19
14 6 17 3
14 7 2 18
14 8 5 15
14 9 20 0
14 10 1 20
14 11 2 18
14 12 18 2
14 13 18 2
15 0 0 89
15 1 2 18
15 2 0 20
15 3 4 18
15 4 0 20
15 5 0 20
15 6 0 22
15 7 0 21
15 8 0 20
15 9 7 13
15 10 0 20
15 11 0 20
15 12 1 19
15 13 2 18
15 14 1 19
16 0 5 88
16 1 15 5
16 2 19 2
16 3 20 0
16 4 11 9
16 5 17 3
16 6 19 1
16 7 15 5
16 8 18 4
16 9 21 0
16 10 13 8
16 11 16 4
16 12 20 0
16 13 21 0
16 14 19 1
16 15 20 0
17 0 2 78
17 1 9 11
17 2 17 3
17 3 21 0
17 4 3 17
17 5 11 13
17 6 14 6
17 7 11 10
17 8 12 9
17 9 19 1
17 10 10 13
17 11 2 18
17 12 17 4
17 13 19 1
17 14 18 2
17 15 20 0
17 16 3 17
18 0 0 81
18 1 0 20
18 2 3 17
18 3 17 3
18 4 0 20
18 5 0 21
18 6 4 16
18 7 1 20
18 8 3 18
18 9 18 2
18 10 1 19
18 11 3 19
18 12 15 6
18 13 19 1
18 14 1 19
18 15 20 0
18 16 0 20
18 17 1 19
19 0 0 95
19 1 0 20
19 2 0 20
19 3 0 20
19 4 0 20
19 5 0 20
19 6 0 20
19 7 0 20
19 8 0 20
19 9 0 20
19 10 1 19
19 11 0 21
19 12 0 20
19 13 0 20
19 14 0 20
19 15 1 19
19 16 0 20
19 17 0 20
19 18 0 20
20 0 1 86
20 1 0 20
20 2 0 20
20 3 0 20
20 4 0 21
20 5 0 21
20 6 0 20
20 7 0 20
20 8 0 20
20 9 0 20
20 10 0 20
20 11 0 20
20 12 1 19
20 13 0 20
20 14 0 20
20 15 2 18
20 16 0 20
20 17 0 21
20 18 1 19
20 19 17 3
21 0 0 80
21 1 0 20
21 2 0 20
21 3 0 20
21 4 0 22
21 5 0 20
21 6 0 20
21 7 1 19
21 8 0 20
21 9 0 21
21 10 0 22
21 11 0 20
21 12 1 19
21 13 0 21
21 14 0 20
21 15 1 19
21 16 0 20
21 17 0 20
21 18 1 19
21 19 11 9
21 20 6 15
22 0 0 78
22 1 0 20
22 2 0 20
22 3 0 21
22 4 0 21
22 5 0 20
22 6 0 21
22 7 0 21
22 8 0 20
22 9 0 20
22 10 0 20
22 11 0 20
22 12 0 20
22 13 0 21
22 14 0 21
22 15 1 19
22 16 0 23
22 17 0 20
22 18 0 20
22 19 8 12
22 20 7 13
22 21 11 9
23 0 0 86
23 1 1 19
23 2 0 20
23 3 1 19
23 4 0 21
23 5 0 20
23 6 1 19
23 7 0 20
23 8 0 20
23 9 1 19
23 10 0 20
23 11 0 21
23 12 2 18
23 13 0 21
23 14 0 20
23 15 9 11
23 16 0 20
23 17 0 20
23 18 1 20
23 19 20 0
23 20 19 1
23 21 21 0
23 22 18 2
24 0 0 73
24 1 0 20
24 2 0 20
24 3 1 19
24 4 0 20
24 5 0 20
24 6 0 20
24 7 0 20
24 8 0 20
24 9 0 20
24 10 0 20
24 11 0 21
24 12 0 21
24 13 0 20
24 14 0 20
24 15 0 20
24 16 0 20
24 17 0 20
24 18 0 20
24 19 9 11
24 20 4 16
24 21 9 11
24 22 12 8
24 23 4 16
25 0 2 75
25 1 11 9
25 2 18 2
25 3 20 0
25 4 3 18
25 5 16 4
25 6 17 3
25 7 10 10
25 8 13 8
25 9 20 0
25 10 8 12
25 11 5 15
25 12 21 0
25 13 23 0
25 14 17 3
25 15 20 0
25 16 1 19
25 17 15 5
25 18 18 2
25 19 20 0
25 20 20 0
25 21 20 0
25 22 20 0
25 23 20 0
25 24 20 0
26 0 0 94
26 1 0 20
26 2 0 20
26 3 2 18
26 4 0 20
26 5 0 20
26 6 1 20
26 7 0 21
26 8 0 20
26 9 10 10
26 10 0 20
26 11 0 20
26 12 5 15
26 13 9 11
26 14 2 19
26 15 19 1
26 16 0 21
26 17 0 20
26 18 4 17
26 19 19 1
26 20 18 2
26 21 20 0
26 22 22 0
26 23 20 0
26 24 20 0
26 25 0 21
27 0 0 103
27 1 1 19
27 2 1 21
27 3 3 17
27 4 0 22
27 5 0 20
27 6 1 19
27 7 1 20
27 8 0 20
27 9 13 8
27 10 0 20
27 11 0 20
27 12 3 17
27 13 6 14
27 14 0 20
27 15 20 1
27 16 1 20
27 17 0 21
27 18 0 20
27 19 20 0
27 20 20 0
27 21 21 0
27 22 20 1
27 23 20 0
27 24 20 0
27 25 0 20
27 26 4 17
28 0 1 96
28 1 6 14
28 2 13 7
28 3 18 2
28 4 2 18
28 5 4 16
28 6 12 8
28 7 4 17
28 8 8 12
28 9 22 1
28 10 3 17
28 11 5 17
28 12 19 1
28 13 20 0
28 14 13 7
28 15 20 0
28 16 2 18
28 17 10 10
28 18 19 1
28 19 20 0
28 20 20 0
28 21 20 0
28 22 20 0
28 23 20 1
28 24 19 2
28 25 5 15
28 26 20 0
28 27 20 0
29 0 1 68
29 1 1 19
29 2 11 10
29 3 17 4
29 4 0 20
29 5 4 16
29 6 17 3
29 7 1 20
29 8 3 17
29 9 20 0
29 10 1 19
29 11 4 16
29 12 16 4
29 13 18 2
29 14 9 11
29 15 20 0
29 16 1 19
29 17 5 15
29 18 10 10
29 19 20 0
29 20 21 0
29 21 20 0
29 22 21 0
29 23 21 0
29 24 20 1
29 25 7 13
29 26 20 0
29 27 21 0
29 28 5 16
30 0 0 107
30 1 0 20
30 2 1 19
30 3 7 14
30 4 0 20
30 5 1 19
30 6 4 17
30 7 0 20
30 8 0 21
30 9 15 5
30 10 0 20
30 11 0 20
30 12 12 9
30 13 14 6
30 14 2 18
30 15 20 0
30 16 1 19
30 17 0 20
30 18 4 16
30 19 21 0
30 20 20 0
30 21 19 1
30 22 20 0
30 23 19 1
30 24 19 1
30 25 1 20
30 26 13 7
30 27 17 3
30 28 2 18
30 29 0 21
