1 0 8 105
2 0 5 140
2 1 0 20
3 0 3 146
3 1 0 21
3 2 1 19
4 0 30 96
4 1 20 0
4 2 20 1
4 3 20 0
5 0 4 118
5 1 7 13
5 2 16 4
5 3 20 0
5 4 2 18
6 0 0 115
6 1 0 21
6 2 8 12
6 3 17 3
6 4 2 18
6 5 0 20
7 0 3 100
7 1 3 17
7 2 15 5
7 3 18 2
7 4 3 17
7 5 7 13
7 6 14 7
8 0 2 124
8 1 1 20
8 2 13 7
8 3 19 1
8 4 1 19
8 5 4 16
8 6 12 8
8 7 8 12
9 0 2 115
9 1 1 19
9 2 1 19
9 3 5 15
9 4 0 20
9 5 0 20
9 6 3 17
9 7 0 20
9 8 1 19
10 0 5 110
10 1 9 12
10 2 18 2
10 3 20 0
10 4 1 19
10 5 16 4
10 6 15 5
10 7 19 1
10 8 19 2
10 9 20 0
11 0 4 114
11 1 3 17
11 2 16 5
11 3 19 1
11 4 2 20
11 5 10 10
11 6 18 3
11 7 20 0
11 8 15 5
11 9 20 0
11 10 8 13
12 0 3 144
12 1 0 20
12 2 4 16
12 3 17 4
12 4 0 20
12 5 0 20
12 6 8 12
12 7 5 16
12 8 3 17
12 9 19 1
12 10 2 19
12 11 2 18
13 0 3 109
13 1 1 19
13 2 1 20
13 3 8 13
13 4 1 20
13 5 1 19
13 6 4 17
13 7 1 19
13 8 1 19
13 9 18 3
13 10 1 19
13 11 2 20
13 12 3 19
14 0 1 118
14 1 0 20
14 2 1 20
14 3 3 17
14 4 0 20
14 5 1 19
14 6 1 19
14 7 1 19
14 8 2 18
14 9 8 12
14 10 0 20
14 11 1 20
14 12 1 20
14 13 2 18
15 0 2 114
15 1 0 21
15 2 1 19
15 3 1 19
15 4 0 21
15 5 1 19
15 6 1 20
15 7 0 20
15 8 1 19
15 9 4 16
15 10 1 20
15 11 1 19
15 12 0 21
15 13 2 18
15 14 1 19
16 0 10 103
16 1 3 18
16 2 13 7
16 3 19 2
16 4 2 18
16 5 3 17
16 6 17 3
16 7 17 3
16 8 15 5
16 9 21 0
16 10 11 9
16 11 8 12
16 12 19 1
16 13 21 0
16 14 20 0
16 15 20 0
17 0 2 128
17 1 2 19
17 2 9 12
17 3 17 3
17 4 1 19
17 5 4 17
17 6 17 4
17 7 7 13
17 8 11 9
17 9 18 2
17 10 3 17
17 11 7 13
17 12 15 5
17 13 19 1
17 14 19 1
17 15 18 2
17 16 7 13
18 0 0 118
18 1 0 20
18 2 0 20
18 3 2 19
18 4 1 19
18 5 0 20
18 6 3 17
18 7 0 21
18 8 2 19
18 9 13 9
18 10 0 20
18 11 0 20
18 12 3 18
18 13 8 12
18 14 13 7
18 15 17 3
18 16 0 20
18 17 0 20
19 0 1 144
19 1 0 20
19 2 0 20
19 3 1 20
19 4 0 20
19 5 0 21
19 6 1 20
19 7 0 20
19 8 0 20
19 9 0 21
19 10 1 19
19 11 0 21
19 12 0 20
19 13 0 20
19 14 0 20
19 15 2 18
19 16 1 19
19 17 1 19
19 18 0 20
20 0 1 116
20 1 0 20
20 2 0 21
20 3 0 20
20 4 0 20
20 5 1 20
20 6 1 20
20 7 0 20
20 8 0 22
20 9 0 20
20 10 0 20
20 11 0 20
20 12 0 20
20 13 0 20
20 14 2 18
20 15 3 17
20 16 0 20
20 17 0 20
20 18 0 21
20 19 15 5
21 0 0 134
21 1 0 20
21 2 0 20
21 3 1 19
21 4 0 20
21 5 0 20
21 6 0 20
21 7 0 21
21 8 1 19
21 9 0 22
21 10 0 21
21 11 0 20
21 12 0 20
21 13 0 21
21 14 0 20
21 15 0 20
21 16 0 21
21 17 0 20
21 18 1 19
21 19 10 10
21 20 10 10
22 0 0 133
22 1 0 20
22 2 0 21
22 3 0 20
22 4 0 20
22 5 1 20
22 6 1 20
22 7 0 20
22 8 0 20
22 9 1 19
22 10 0 20
22 11 0 20
22 12 0 20
22 13 0 20
22 14 2 18
22 15 1 19
22 16 0 23
22 17 0 20
22 18 1 20
22 19 12 8
22 20 8 12
22 21 8 12
23 0 2 134
23 1 0 20
23 2 0 21
23 3 0 20
23 4 0 20
23 5 0 20
23 6 0 21
23 7 0 20
23 8 0 21
23 9 1 19
23 10 0 20
23 11 0 20
23 12 0 20
23 13 0 20
23 14 0 21
23 15 3 17
23 16 0 20
23 17 0 20
23 18 2 19
23 19 12 9
23 20 9 11
23 21 10 10
23 22 6 14
24 0 0 125
24 1 0 21
24 2 0 20
24 3 0 20
24 4 0 20
24 5 0 20
24 6 0 20
24 7 0 20
24 8 1 19
24 9 0 20
24 10 0 20
24 11 0 20
24 12 1 19
24 13 0 20
24 14 1 20
24 15 1 19
24 16 0 20
24 17 0 20
24 18 1 19
24 19 10 10
24 20 10 10
24 21 10 10
24 22 14 6
24 23 10 10
25 0 1 136
25 1 1 19
25 2 3 18
25 3 11 9
25 4 1 19
25 5 0 20
25 6 4 16
25 7 2 18
25 8 1 19
25 9 18 3
25 10 1 20
25 11 1 19
25 12 7 13
25 13 12 8
25 14 17 4
25 15 21 0
25 16 2 19
25 17 1 19
25 18 16 5
25 19 20 0
25 20 20 0
25 21 20 0
25 22 22 0
25 23 21 0
25 24 19 1
26 0 1 118
26 1 0 20
26 2 6 14
26 3 12 8
26 4 0 20
26 5 1 20
26 6 4 16
26 7 2 18
26 8 2 20
26 9 18 2
26 10 3 17
26 11 0 20
26 12 6 14
26 13 17 3
26 14 18 2
26 15 20 0
26 16 1 19
26 17 1 19
26 18 15 5
26 19 20 0
26 20 20 0
26 21 20 0
26 22 20 0
26 23 20 0
26 24 20 0
26 25 9 11
27 0 0 104
27 1 0 20
27 2 0 20
27 3 2 20
27 4 0 20
27 5 1 20
27 6 0 21
27 7 0 20
27 8 0 22
27 9 4 16
27 10 0 20
27 11 0 20
27 12 0 21
27 13 2 18
27 14 9 13
27 15 15 5
27 16 0 20
27 17 1 20
27 18 1 19
27 19 19 1
27 20 19 1
27 21 19 1
27 22 20 0
27 23 19 1
27 24 20 0
27 25 0 20
27 26 0 22
28 0 6 124
28 1 1 20
28 2 13 7
28 3 17 3
28 4 1 19
28 5 6 14
28 6 14 7
28 7 11 10
28 8 15 5
28 9 20 0
28 10 6 14
28 11 6 14
28 12 15 5
28 13 19 1
28 14 19 1
28 15 19 1
28 16 8 12
28 17 14 6
28 18 20 0
28 19 20 0
28 20 21 0
28 21 20 0
28 22 21 0
28 23 19 1
28 24 20 0
28 25 20 0
28 26 20 0
28 27 18 2
29 0 4 124
29 1 3 17
29 2 16 5
29 3 18 2
29 4 1 21
29 5 8 12
29 6 18 2
29 7 12 8
29 8 16 5
29 9 18 2
29 10 5 15
29 11 8 13
29 12 19 1
29 13 21 0
29 14 20 0
29 15 20 0
29 16 4 16
29 17 11 9
29 18 19 1
29 19 20 0
29 20 19 1
29 21 19 1
29 22 20 0
29 23 20 0
29 24 20 0
29 25 19 1
29 26 20 0
29 27 20 0
29 28 12 8
30 0 2 135
30 1 0 20
30 2 3 17
30 3 14 7
30 4 0 20
30 5 1 19
30 6 9 11
30 7 4 16
30 8 2 18
30 9 20 0
30 10 1 19
30 11 0 21
30 12 8 13
30 13 17 4
30 14 20 0
30 15 19 1
30 16 0 21
30 17 2 18
30 18 16 4
30 19 20 0
30 20 20 1
30 21 21 0
30 22 19 1
30 23 20 0
30 24 21 0
30 25 18 2
30 26 12 8
30 27 18 2
30 28 0 20
30 29 0 20
