1 0 6 152
2 0 2 190
2 1 0 20
3 0 0 182
3 1 1 20
3 2 1 20
4 0 30 177
4 1 19 2
4 2 21 0
4 3 20 0
5 0 3 157
5 1 5 15
5 2 19 2
5 3 19 1
5 4 2 18
6 0 1 183
6 1 1 19
6 2 7 13
6 3 15 5
6 4 0 20
6 5 0 20
7 0 3 175
7 1 2 19
7 2 9 11
7 3 18 3
7 4 3 17
7 5 6 14
7 6 12 8
8 0 1 190
8 1 1 19
8 2 9 11
8 3 16 4
8 4 1 19
8 5 6 14
8 6 10 10
8 7 8 12
9 0 0 175
9 1 0 21
9 2 0 20
9 3 2 18
9 4 0 23
9 5 0 21
9 6 2 18
9 7 0 20
9 8 0 20
10 0 3 166
10 1 9 11
10 2 17 3
10 3 19 1
10 4 3 17
10 5 11 9
10 6 20 2
10 7 20 1
10 8 20 0
10 9 21 0
11 0 4 188
11 1 10 11
11 2 18 2
11 3 20 0
11 4 2 18
11 5 8 12
11 6 15 6
11 7 18 2
11 8 15 6
11 9 19 1
11 10 5 16
12 0 0 172
12 1 1 22
12 2 3 17
12 3 6 14
12 4 1 19
12 5 1 20
12 6 3 17
12 7 1 19
12 8 2 18
12 9 17 3
12 10 0 20
12 11 0 20
13 0 31 152
13 1 19 1
13 2 20 0
13 3 20 0
13 4 11 9
13 5 18 3
13 6 18 2
13 7 21 0
13 8 20 0
13 9 20 0
13 10 19 2
13 11 18 2
13 12 20 0
14 0 1 190
14 1 1 19
14 2 10 10
14 3 18 2
14 4 0 21
14 5 1 19
14 6 17 3
14 7 10 10
14 8 12 8
14 9 20 0
14 10 7 14
14 11 11 10
14 12 19 1
14 13 0 20
15 0 1 174
15 1 2 18
15 2 1 19
15 3 3 18
15 4 0 20
15 5 0 20
15 6 2 18
15 7 4 18
15 8 4 16
15 9 15 5
15 10 1 19
15 11 0 20
15 12 12 9
15 13 1 20
15 14 0 20
16 0 5 169
16 1 13 7
16 2 19 1
16 3 19 2
16 4 7 13
16 5 15 5
16 6 19 2
16 7 21 0
16 8 18 2
16 9 20 0
16 10 15 6
16 11 17 3
16 12 20 0
16 13 4 16
16 14 19 1
16 15 19 1
17 0 3 198
17 1 1 19
17 2 13 7
17 3 20 0
17 4 0 20
17 5 3 17
17 6 16 4
17 7 9 11
17 8 20 2
17 9 20 0
17 10 7 13
17 11 6 14
17 12 20 0
17 13 0 21
17 14 10 10
17 15 18 2
17 16 0 20
18 0 1 154
18 1 0 20
18 2 1 19
18 3 7 13
18 4 0 21
18 5 0 20
18 6 0 20
18 7 4 16
18 8 3 17
18 9 15 5
18 10 2 18
18 11 1 19
18 12 10 10
18 13 0 20
18 14 0 21
18 15 14 6
18 16 0 20
18 17 1 20
19 0 0 190
19 1 0 20
19 2 3 17
19 3 13 7
19 4 0 21
19 5 1 20
19 6 11 9
19 7 3 17
19 8 5 15
19 9 19 1
19 10 0 20
19 11 0 20
19 12 17 3
19 13 0 21
19 14 2 18
19 15 15 5
19 16 1 19
19 17 1 20
19 18 13 7
20 0 0 170
20 1 0 20
20 2 0 20
20 3 4 16
20 4 0 20
20 5 0 20
20 6 1 19
20 7 1 20
20 8 0 20
20 9 10 10
20 10 0 20
20 11 0 20
20 12 7 13
20 13 0 20
20 14 0 20
20 15 8 12
20 16 0 21
20 17 0 20
20 18 3 17
20 19 3 19
21 0 0 185
21 1 0 21
21 2 2 19
21 3 2 18
21 4 1 19
21 5 0 20
21 6 0 20
21 7 0 20
21 8 1 19
21 9 1 19
21 10 2 18
21 11 0 20
21 12 1 20
21 13 0 20
21 14 1 19
21 15 2 18
21 16 0 20
21 17 0 20
21 18 1 19
21 19 1 20
21 20 0 20
22 0 2 201
22 1 0 20
22 2 4 16
22 3 8 12
22 4 0 20
22 5 2 18
22 6 2 18
22 7 0 20
22 8 1 19
22 9 18 3
22 10 0 20
22 11 0 20
22 12 7 13
22 13 0 20
22 14 2 18
22 15 9 11
22 16 1 19
22 17 0 20
22 18 10 10
22 19 4 16
22 20 15 5
22 21 20 0
23 0 0 179
23 1 0 20
23 2 3 18
23 3 15 6
23 4 0 21
23 5 0 20
23 6 5 16
23 7 0 21
23 8 1 19
23 9 20 1
23 10 1 20
23 11 0 20
23 12 11 10
23 13 0 21
23 14 0 20
23 15 17 3
23 16 0 20
23 17 1 19
23 18 14 7
23 19 8 12
23 20 18 3
23 21 19 1
23 22 14 6
24 0 0 169
24 1 0 20
24 2 1 20
24 3 2 18
24 4 0 20
24 5 2 19
24 6 0 20
24 7 2 19
24 8 0 22
24 9 6 15
24 10 0 20
24 11 0 20
24 12 1 19
24 13 0 20
24 14 1 19
24 15 5 15
24 16 0 20
24 17 0 20
24 18 0 20
24 19 0 20
24 20 0 20
24 21 16 4
24 22 3 18
24 23 1 19
25 0 2 192
25 1 4 16
25 2 6 14
25 3 13 7
25 4 1 19
25 5 5 15
25 6 11 9
25 7 4 17
25 8 5 16
25 9 18 2
25 10 2 18
25 11 3 17
25 12 19 2
25 13 0 21
25 14 8 13
25 15 17 3
25 16 0 21
25 17 5 16
25 18 18 2
25 19 14 6
25 20 18 2
25 21 21 0
25 22 18 2
25 23 17 3
25 24 20 0
26 0 0 183
26 1 1 20
26 2 3 17
26 3 11 10
26 4 0 20
26 5 0 20
26 6 3 17
26 7 2 18
26 8 4 16
26 9 18 2
26 10 1 21
26 11 0 21
26 12 17 3
26 13 1 20
26 14 4 17
26 15 14 6
26 16 0 20
26 17 4 17
26 18 12 8
26 19 4 16
26 20 20 1
26 21 21 0
26 22 14 7
26 23 12 10
26 24 20 0
26 25 6 14
27 0 1 169
27 1 0 20
27 2 1 19
27 3 2 19
27 4 0 21
27 5 0 21
27 6 0 20
27 7 0 20
27 8 0 20
27 9 9 13
27 10 0 22
27 11 0 21
27 12 4 16
27 13 0 20
27 14 0 21
27 15 4 16
27 16 0 20
27 17 0 20
27 18 3 18
27 19 1 19
27 20 4 16
27 21 16 4
27 22 4 16
27 23 1 19
27 24 10 10
27 25 0 20
27 26 0 20
28 0 5 177
28 1 9 12
28 2 13 7
28 3 18 2
28 4 3 17
28 5 12 9
28 6 16 4
28 7 14 6
28 8 20 1
28 9 20 0
28 10 10 11
28 11 11 9
28 12 19 1
28 13 2 18
28 14 14 7
28 15 20 0
28 16 3 17
28 17 10 11
28 18 18 2
28 19 19 1
28 20 20 0
28 21 21 0
28 22 22 0
28 23 20 0
28 24 20 0
28 25 18 2
28 26 21 0
28 27 20 0
29 0 3 159
29 1 2 18
29 2 10 10
29 3 15 5
29 4 1 19
29 5 3 17
29 6 11 9
29 7 7 13
29 8 12 8
29 9 20 0
29 10 2 18
29 11 6 14
29 12 19 1
29 13 2 18
29 14 9 12
29 15 17 3
29 16 1 19
29 17 7 13
29 18 13 8
29 19 19 1
29 20 20 0
29 21 20 0
29 22 22 0
29 23 20 0
29 24 19 1
29 25 15 5
29 26 19 2
29 27 20 0
29 28 1 20
30 0 0 168
30 1 1 19
30 2 5 16
30 3 18 2
30 4 0 20
30 5 2 18
30 6 10 10
30 7 10 11
30 8 9 12
30 9 19 1
30 10 0 21
30 11 3 18
30 12 16 4
30 13 0 21
30 14 3 19
30 15 21 0
30 16 2 18
30 17 2 18
30 18 21 1
30 19 17 3
30 20 18 2
30 21 22 0
30 22 19 3
30 23 19 2
30 24 20 0
30 25 10 10
30 26 16 4
30 27 19 2
30 28 1 20
30 29 7 13
