1 0 4 167
2 0 4 175
2 1 3 17
3 0 1 173
3 1 3 17
3 2 1 19
4 0 27 169
4 1 17 4
4 2 18 2
4 3 22 1
5 0 4 198
5 1 7 13
5 2 19 2
5 3 19 1
5 4 0 20
6 0 4 155
6 1 4 17
6 2 4 17
6 3 19 2
6 4 1 19
6 5 2 18
7 0 5 152
7 1 5 18
7 2 10 10
7 3 18 2
7 4 0 20
7 5 8 12
7 6 14 8
8 0 3 189
8 1 2 19
8 2 13 7
8 3 15 5
8 4 0 20
8 5 5 15
8 6 13 8
8 7 6 15
9 0 1 173
9 1 2 18
9 2 2 18
9 3 4 16
9 4 0 20
9 5 0 21
9 6 2 20
9 7 0 20
9 8 2 19
10 0 9 162
10 1 9 11
10 2 15 5
10 3 18 2
10 4 2 18
10 5 9 11
10 6 18 3
10 7 19 1
10 8 17 3
10 9 20 0
11 0 5 163
11 1 11 9
11 2 16 4
11 3 19 1
11 4 1 21
11 5 8 12
11 6 18 2
11 7 18 3
11 8 15 5
11 9 19 1
11 10 9 11
12 0 0 181
12 1 1 19
12 2 3 17
12 3 5 15
12 4 0 20
12 5 0 20
12 6 2 19
12 7 1 19
12 8 1 19
12 9 12 10
12 10 2 18
12 11 0 20
13 0 18 157
13 1 20 1
13 2 20 0
13 3 21 0
13 4 5 15
13 5 18 3
13 6 19 1
13 7 18 2
13 8 19 1
13 9 20 0
13 10 18 3
13 11 16 4
13 12 19 1
14 0 1 189
14 1 2 18
14 2 10 10
14 3 18 3
14 4 1 20
14 5 4 18
14 6 16 4
14 7 7 14
14 8 7 13
14 9 20 0
14 10 4 16
14 11 4 16
14 12 19 2
14 13 0 21
15 0 2 171
15 1 1 20
15 2 1 19
15 3 0 20
15 4 0 20
15 5 0 21
15 6 1 19
15 7 4 16
15 8 2 19
15 9 11 9
15 10 1 19
15 11 1 19
15 12 9 12
15 13 1 19
15 14 0 20
16 0 14 166
16 1 16 4
16 2 19 2
16 3 19 1
16 4 2 18
16 5 13 7
16 6 17 3
16 7 19 4
16 8 17 4
16 9 20 1
16 10 7 13
16 11 15 5
16 12 18 2
16 13 7 13
16 14 19 1
16 15 19 1
17 0 1 169
17 1 1 19
17 2 3 18
17 3 6 15
17 4 0 21
17 5 0 22
17 6 3 18
17 7 1 19
17 8 1 19
17 9 13 8
17 10 2 21
17 11 3 19
17 12 14 6
17 13 0 20
17 14 3 18
17 15 11 9
17 16 0 20
18 0 1 151
18 1 1 19
18 2 0 20
18 3 2 18
18 4 1 20
18 5 2 18
18 6 1 19
18 7 1 19
18 8 1 19
18 9 10 10
18 10 0 21
18 11 0 21
18 12 5 15
18 13 1 20
18 14 0 20
18 15 5 15
18 16 0 20
18 17 2 18
19 0 0 172
19 1 0 21
19 2 1 19
19 3 0 20
19 4 0 21
19 5 0 20
19 6 1 19
19 7 1 19
19 8 1 19
19 9 0 20
19 10 0 20
19 11 0 21
19 12 0 20
19 13 0 21
19 14 0 20
19 15 1 19
19 16 0 21
19 17 1 20
19 18 1 19
20 0 1 174
20 1 0 20
20 2 0 20
20 3 1 20
20 4 0 20
20 5 0 20
20 6 0 20
20 7 0 22
20 8 0 20
20 9 2 19
20 10 1 19
20 11 0 20
20 12 0 20
20 13 0 20
20 14 0 22
20 15 5 15
20 16 0 20
20 17 2 18
20 18 8 12
20 19 9 11
21 0 0 183
21 1 0 20
21 2 2 19
21 3 0 20
21 4 0 21
21 5 1 20
21 6 1 20
21 7 1 20
21 8 0 20
21 9 0 21
21 10 0 21
21 11 0 22
21 12 1 20
21 13 0 20
21 14 0 20
21 15 1 19
21 16 0 20
21 17 0 22
21 18 0 20
21 19 2 18
21 20 1 20
22 0 1 191
22 1 0 20
22 2 0 20
22 3 2 18
22 4 0 20
22 5 1 21
22 6 0 21
22 7 0 20
22 8 1 19
22 9 0 21
22 10 0 21
22 11 0 20
22 12 0 21
22 13 1 19
22 14 0 20
22 15 1 20
22 16 0 22
22 17 1 19
22 18 0 21
22 19 0 20
22 20 0 20
22 21 9 11
23 0 1 154
23 1 0 20
23 2 0 20
23 3 0 20
23 4 0 20
23 5 0 20
23 6 1 19
23 7 1 21
23 8 0 20
23 9 0 20
23 10 1 21
23 11 0 20
23 12 1 20
23 13 0 20
23 14 0 20
23 15 0 20
23 16 0 20
23 17 0 21
23 18 0 20
23 19 0 20
23 20 1 20
23 21 4 17
23 22 8 12
24 0 1 144
24 1 0 22
24 2 0 20
24 3 0 20
24 4 0 20
24 5 1 19
24 6 1 20
24 7 0 21
24 8 1 19
24 9 0 20
24 10 0 23
24 11 1 20
24 12 0 20
24 13 0 20
24 14 0 20
24 15 1 19
24 16 0 20
24 17 0 20
24 18 0 20
24 19 3 18
24 20 0 21
24 21 13 9
24 22 16 4
24 23 20 0
25 0 4 188
25 1 4 16
25 2 8 12
25 3 19 2
25 4 1 19
25 5 3 17
25 6 10 10
25 7 11 10
25 8 12 9
25 9 17 3
25 10 2 18
25 11 3 17
25 12 17 3
25 13 1 19
25 14 7 13
25 15 15 5
25 16 3 17
25 17 20 1
25 18 17 3
25 19 20 0
25 20 19 1
25 21 19 1
25 22 21 0
25 23 21 0
25 24 19 1
26 0 5 165
26 1 1 20
26 2 9 11
26 3 18 2
26 4 0 20
26 5 7 14
26 6 11 10
26 7 8 12
26 8 11 9
26 9 19 1
26 10 1 22
26 11 3 17
26 12 19 2
26 13 0 20
26 14 11 10
26 15 17 3
26 16 0 20
26 17 19 2
26 18 20 1
26 19 20 0
26 20 19 1
26 21 21 0
26 22 20 0
26 23 21 0
26 24 20 0
26 25 11 9
27 0 3 189
27 1 0 20
27 2 2 19
27 3 5 16
27 4 0 21
27 5 0 20
27 6 1 19
27 7 0 20
27 8 0 20
27 9 14 7
27 10 0 21
27 11 0 20
27 12 11 10
27 13 1 19
27 14 0 21
27 15 17 4
27 16 0 20
27 17 9 11
27 18 16 4
27 19 20 0
27 20 19 2
27 21 20 0
27 22 21 0
27 23 19 1
27 24 20 0
27 25 0 20
27 26 1 19
28 0 5 173
28 1 15 5
28 2 18 2
28 3 20 0
28 4 4 16
28 5 10 10
28 6 20 2
28 7 15 5
28 8 16 4
28 9 19 1
28 10 10 10
28 11 14 7
28 12 21 0
28 13 4 16
28 14 18 3
28 15 19 1
28 16 13 7
28 17 20 0
28 18 21 0
28 19 21 0
28 20 20 0
28 21 22 0
28 22 21 0
28 23 20 0
28 24 22 0
28 25 21 0
28 26 20 0
28 27 19 1
29 0 4 166
29 1 10 10
29 2 15 6
29 3 21 1
29 4 3 17
29 5 12 8
29 6 18 2
29 7 13 7
29 8 17 4
29 9 21 0
29 10 5 16
29 11 9 11
29 12 20 0
29 13 4 17
29 14 16 4
29 15 20 0
29 16 6 14
29 17 20 0
29 18 20 0
29 19 23 0
29 20 20 0
29 21 20 1
29 22 21 0
29 23 20 0
29 24 20 0
29 25 18 4
29 26 20 1
29 27 21 0
29 28 5 15
30 0 0 176
30 1 1 20
30 2 2 18
30 3 5 17
30 4 2 20
30 5 0 21
30 6 1 19
30 7 2 19
30 8 4 16
30 9 11 9
30 10 0 21
30 11 0 20
30 12 13 8
30 13 0 22
30 14 0 21
30 15 10 11
30 16 0 21
30 17 14 6
30 18 18 2
30 19 20 0
30 20 19 1
30 21 20 1
30 22 20 0
30 23 20 0
30 24 20 0
30 25 0 20
30 26 0 20
30 27 10 10
30 28 0 20
30 29 1 19
