1 0 5 101
2 0 0 77
2 1 1 19
3 0 0 81
3 1 0 20
3 2 0 20
4 0 25 70
4 1 19 1
4 2 21 0
4 3 20 0
5 0 0 71
5 1 13 8
5 2 21 0
5 3 18 3
5 4 0 21
6 0 0 79
6 1 1 19
6 2 9 11
6 3 18 2
6 4 0 20
6 5 0 21
7 0 9 91
7 1 15 7
7 2 17 4
7 3 20 0
7 4 3 17
7 5 18 6
7 6 18 2
8 0 5 80
8 1 15 5
8 2 14 6
8 3 19 1
8 4 3 17
8 5 10 10
8 6 15 5
8 7 6 15
9 0 0 78
9 1 3 17
9 2 1 19
9 3 7 15
9 4 0 20
9 5 0 21
9 6 5 15
9 7 0 20
9 8 0 21
10 0 4 87
10 1 17 3
10 2 20 0
10 3 18 2
10 4 3 17
10 5 13 7
10 6 17 3
10 7 12 8
10 8 18 2
10 9 20 0
11 0 4 100
11 1 11 9
11 2 19 2
11 3 16 4
11 4 2 18
11 5 13 7
11 6 19 1
11 7 8 12
11 8 13 7
11 9 20 0
11 10 4 16
12 0 0 94
12 1 2 18
12 2 4 16
12 3 12 8
12 4 0 20
12 5 2 18
12 6 8 12
12 7 1 19
12 8 0 20
12 9 15 5
12 10 0 20
12 11 0 20
13 0 9 66
13 1 18 2
13 2 21 0
13 3 20 0
13 4 11 9
13 5 19 1
13 6 19 1
13 7 14 6
13 8 18 3
13 9 20 0
13 10 11 9
13 11 15 5
13 12 20 0
14 0 0 97
14 1 1 20
14 2 7 13
14 3 18 3
14 4 2 19
14 5 2 19
14 6 11 9
14 7 4 16
14 8 5 16
14 9 17 3
14 10 3 17
14 11 2 18
14 12 16 5
14 13 1 19
15 0 1 79
15 1 0 21
15 2 1 19
15 3 4 17
15 4 0 20
15 5 1 19
15 6 0 20
15 7 1 19
15 8 2 19
15 9 4 16
15 10 0 20
15 11 0 20
15 12 8 12
15 13 0 20
15 14 0 20
16 0 23 49
16 1 20 0
16 2 20 0
16 3 20 0
16 4 9 11
16 5 20 0
16 6 20 0
16 7 20 1
16 8 20 1
16 9 21 0
16 10 18 3
16 11 19 1
16 12 19 1
16 13 19 1
16 14 20 0
16 15 20 0
17 0 2 80
17 1 12 8
17 2 20 0
17 3 20 0
17 4 3 17
17 5 14 6
17 6 20 0
17 7 13 8
17 8 16 4
17 9 20 0
17 10 10 10
17 11 13 7
17 12 19 1
17 13 9 12
17 14 20 0
17 15 20 0
17 16 2 18
18 0 0 82
18 1 2 18
18 2 2 18
18 3 10 10
18 4 0 20
18 5 0 20
18 6 6 15
18 7 2 18
18 8 5 16
18 9 14 6
18 10 2 19
18 11 1 25
18 12 11 9
18 13 1 19
18 14 4 16
18 15 20 0
18 16 0 21
18 17 0 20
19 0 0 78
19 1 0 20
19 2 6 14
19 3 17 3
19 4 0 22
19 5 2 18
19 6 12 8
19 7 2 19
19 8 6 14
19 9 18 2
19 10 3 17
19 11 3 17
19 12 15 5
19 13 1 19
19 14 7 13
19 15 17 3
19 16 0 20
19 17 0 21
19 18 14 7
20 0 0 85
20 1 0 20
20 2 0 20
20 3 2 19
20 4 0 20
20 5 1 19
20 6 1 21
20 7 0 20
20 8 0 21
20 9 0 21
20 10 0 20
20 11 0 20
20 12 0 20
20 13 0 22
20 14 1 20
20 15 1 19
20 16 0 21
20 17 0 21
20 18 1 19
20 19 0 20
21 0 0 87
21 1 0 20
21 2 0 20
21 3 0 21
21 4 0 20
21 5 0 20
21 6 0 20
21 7 0 20
21 8 0 20
21 9 0 20
21 10 0 20
21 11 0 20
21 12 1 19
21 13 0 20
21 14 1 19
21 15 1 20
21 16 1 19
21 17 0 21
21 18 1 19
21 19 0 20
21 20 6 14
22 0 0 85
22 1 0 20
22 2 1 20
22 3 3 17
22 4 0 20
22 5 0 20
22 6 0 21
22 7 0 20
22 8 1 19
22 9 1 19
22 10 0 21
22 11 0 20
22 12 2 18
22 13 0 20
22 14 1 19
22 15 2 19
22 16 0 20
22 17 0 21
22 18 0 20
22 19 0 20
22 20 13 7
22 21 19 2
23 0 0 95
23 1 0 20
23 2 0 20
23 3 2 18
23 4 0 20
23 5 1 19
23 6 0 21
23 7 0 20
23 8 0 22
23 9 0 20
23 10 0 21
23 11 1 19
23 12 0 20
23 13 1 19
23 14 0 20
23 15 4 16
23 16 0 20
23 17 0 20
23 18 0 20
23 19 0 20
23 20 9 11
23 21 18 2
23 22 12 8
24 0 1 91
24 1 0 20
24 2 1 20
24 3 0 21
24 4 0 20
24 5 0 20
24 6 0 20
24 7 0 20
24 8 0 21
24 9 0 20
24 10 0 20
24 11 0 21
24 12 0 20
24 13 0 20
24 14 0 20
24 15 4 16
24 16 0 20
24 17 0 21
24 18 0 20
24 19 0 20
24 20 2 18
24 21 13 8
24 22 4 16
24 23 3 18
25 0 1 87
25 1 3 17
25 2 6 14
25 3 12 8
25 4 0 21
25 5 7 13
25 6 10 10
25 7 1 20
25 8 2 18
25 9 16 4
25 10 1 19
25 11 2 19
25 12 12 8
25 13 3 17
25 14 10 10
25 15 16 4
25 16 1 19
25 17 4 16
25 18 7 13
25 19 9 11
25 20 20 0
25 21 20 0
25 22 20 0
25 23 20 0
25 24 21 0
26 0 0 78
26 1 0 20
26 2 5 15
26 3 9 11
26 4 0 20
26 5 2 18
26 6 6 14
26 7 0 20
26 8 1 21
26 9 11 9
26 10 1 19
26 11 0 20
26 12 9 12
26 13 0 20
26 14 4 16
26 15 12 8
26 16 1 20
26 17 1 19
26 18 8 12
26 19 4 17
26 20 20 0
26 21 20 0
26 22 20 0
26 23 20 0
26 24 21 0
26 25 7 13
27 0 0 83
27 1 0 20
27 2 0 20
27 3 1 19
27 4 0 20
27 5 0 20
27 6 0 20
27 7 0 21
27 8 0 20
27 9 2 18
27 10 1 20
27 11 0 20
27 12 0 20
27 13 0 21
27 14 2 18
27 15 6 14
27 16 0 21
27 17 0 20
27 18 0 20
27 19 0 20
27 20 19 2
27 21 18 3
27 22 16 4
27 23 16 4
27 24 19 1
27 25 1 19
27 26 1 19
28 0 7 70
28 1 13 7
28 2 20 0
28 3 20 0
28 4 6 14
28 5 17 4
28 6 20 2
28 7 13 7
28 8 14 6
28 9 20 0
28 10 7 14
28 11 10 11
28 12 20 0
28 13 4 16
28 14 17 4
28 15 21 1
28 16 3 17
28 17 14 6
28 18 17 3
28 19 18 2
28 20 20 0
28 21 21 0
28 22 20 0
28 23 20 0
28 24 22 0
28 25 20 0
28 26 20 0
28 27 19 1
29 0 2 83
29 1 15 5
29 2 17 3
29 3 20 0
29 4 0 20
29 5 13 7
29 6 19 1
29 7 5 15
29 8 12 8
29 9 20 0
29 10 2 18
29 11 6 14
29 12 20 0
29 13 1 19
29 14 17 3
29 15 20 0
29 16 1 19
29 17 10 11
29 18 20 0
29 19 20 0
29 20 21 0
29 21 20 0
29 22 20 0
29 23 20 0
29 24 21 0
29 25 18 2
29 26 21 0
29 27 20 0
29 28 6 15
30 0 0 83
30 1 0 21
30 2 1 19
30 3 7 13
30 4 0 20
30 5 0 20
30 6 1 19
30 7 0 21
30 8 0 20
30 9 12 8
30 10 1 19
30 11 0 20
30 12 3 17
30 13 0 20
30 14 2 18
30 15 9 11
30 16 0 20
30 17 0 20
30 18 1 19
30 19 4 16
30 20 21 0
30 21 20 0
30 22 20 1
30 23 20 1
30 24 19 1
30 25 5 15
30 26 6 15
30 27 20 0
30 28 0 20
30 29 0 20
