1 0 0 170
2 0 3 181
2 1 3 17
3 0 1 200
3 1 3 18
3 2 0 21
4 0 14 165
4 1 19 1
4 2 20 0
4 3 20 0
5 0 0 173
5 1 13 7
5 2 20 0
5 3 20 0
5 4 0 21
6 0 0 182
6 1 1 19
6 2 5 15
6 3 20 1
6 4 0 20
6 5 0 20
7 0 1 184
7 1 5 15
7 2 8 12
7 3 18 3
7 4 0 20
7 5 7 13
7 6 13 7
8 0 4 162
8 1 4 16
8 2 10 10
8 3 11 9
8 4 1 19
8 5 6 15
8 6 15 5
8 7 12 8
9 0 1 186
9 1 0 20
9 2 0 20
9 3 1 20
9 4 0 21
9 5 0 20
9 6 2 18
9 7 0 20
9 8 0 20
10 0 9 169
10 1 10 10
10 2 17 3
10 3 20 0
10 4 7 13
10 5 12 9
10 6 17 4
10 7 19 1
10 8 20 0
10 9 21 0
11 0 6 168
11 1 12 8
11 2 16 4
11 3 18 2
11 4 4 16
11 5 15 5
11 6 17 3
11 7 17 3
11 8 18 2
11 9 20 0
11 10 7 13
12 0 0 166
12 1 1 19
12 2 7 13
12 3 14 6
12 4 1 20
12 5 1 20
12 6 10 10
12 7 4 16
12 8 0 20
12 9 20 0
12 10 0 20
12 11 0 20
13 0 0 165
13 1 0 21
13 2 1 19
13 3 3 17
13 4 0 20
13 5 1 19
13 6 2 18
13 7 0 20
13 8 0 21
13 9 3 18
13 10 0 21
13 11 0 20
13 12 0 21
14 0 0 179
14 1 0 20
14 2 0 20
14 3 1 19
14 4 0 20
14 5 1 19
14 6 0 20
14 7 0 20
14 8 0 21
14 9 3 17
14 10 0 21
14 11 0 20
14 12 0 20
14 13 2 18
15 0 0 184
15 1 0 21
15 2 0 20
15 3 0 20
15 4 0 20
15 5 2 18
15 6 2 20
15 7 1 19
15 8 0 20
15 9 2 18
15 10 0 20
15 11 1 19
15 12 1 19
15 13 3 17
15 14 1 20
16 0 10 159
16 1 18 2
16 2 21 0
16 3 20 0
16 4 12 10
16 5 19 2
16 6 20 0
16 7 19 1
16 8 21 0
16 9 20 0
16 10 20 0
16 11 20 1
16 12 22 0
16 13 21 0
16 14 20 0
16 15 20 0
17 0 3 191
17 1 4 16
17 2 18 3
17 3 21 0
17 4 1 20
17 5 9 13
17 6 20 0
17 7 12 8
17 8 11 9
17 9 19 1
17 10 4 16
17 11 8 12
17 12 19 1
17 13 20 0
17 14 20 0
17 15 21 0
17 16 2 18
18 0 0 168
18 1 0 22
18 2 0 20
18 3 1 20
18 4 0 20
18 5 0 20
18 6 0 20
18 7 3 18
18 8 2 18
18 9 11 9
18 10 1 19
18 11 1 19
18 12 2 18
18 13 14 6
18 14 19 2
18 15 20 0
18 16 0 20
18 17 1 19
19 0 1 185
19 1 0 20
19 2 4 16
19 3 8 12
19 4 0 20
19 5 0 20
19 6 12 8
19 7 3 17
19 8 3 17
19 9 20 0
19 10 1 20
19 11 2 18
19 12 9 12
19 13 19 1
19 14 21 0
19 15 20 1
19 16 0 20
19 17 0 20
19 18 17 3
20 0 0 186
20 1 0 20
20 2 1 19
20 3 0 20
20 4 0 21
20 5 0 20
20 6 0 20
20 7 0 21
20 8 0 20
20 9 0 20
20 10 0 20
20 11 0 20
20 12 0 20
20 13 0 20
20 14 1 19
20 15 2 19
20 16 0 22
20 17 0 22
20 18 0 20
20 19 0 20
21 0 0 195
21 1 0 20
21 2 0 21
21 3 2 18
21 4 0 20
21 5 1 22
21 6 0 20
21 7 0 20
21 8 0 20
21 9 0 21
21 10 0 24
21 11 1 19
21 12 0 20
21 13 0 20
21 14 0 20
21 15 0 20
21 16 0 20
21 17 0 20
21 18 1 19
21 19 0 20
21 20 1 19
22 0 0 185
22 1 0 20
22 2 1 19
22 3 0 21
22 4 0 21
22 5 0 21
22 6 0 20
22 7 0 21
22 8 0 20
22 9 0 21
22 10 1 19
22 11 0 20
22 12 0 20
22 13 0 21
22 14 0 20
22 15 1 20
22 16 0 20
22 17 0 20
22 18 0 20
22 19 0 20
22 20 7 13
22 21 20 1
23 0 2 201
23 1 0 20
23 2 0 20
23 3 0 20
23 4 0 22
23 5 0 20
23 6 0 20
23 7 0 20
23 8 0 20
23 9 0 21
23 10 0 21
23 11 0 20
23 12 1 19
23 13 0 20
23 14 0 21
23 15 1 19
23 16 0 20
23 17 0 20
23 18 1 19
23 19 0 21
23 20 0 20
23 21 13 7
23 22 1 20
24 0 2 194
24 1 0 21
24 2 1 19
24 3 1 19
24 4 0 22
24 5 2 18
24 6 1 22
24 7 0 20
24 8 0 20
24 9 6 14
24 10 0 20
24 11 1 19
24 12 2 18
24 13 14 6
24 14 20 0
24 15 19 1
24 16 0 20
24 17 0 20
24 18 4 16
24 19 0 20
24 20 20 0
24 21 20 0
24 22 20 0
24 23 20 0
25 0 0 187
25 1 0 20
25 2 1 19
25 3 6 14
25 4 0 20
25 5 1 19
25 6 3 19
25 7 0 20
25 8 1 19
25 9 21 0
25 10 0 20
25 11 0 21
25 12 1 19
25 13 20 0
25 14 21 0
25 15 20 0
25 16 0 20
25 17 0 20
25 18 13 7
25 19 2 21
25 20 21 0
25 21 20 0
25 22 20 0
25 23 20 0
25 24 18 3
26 0 0 169
26 1 0 20
26 2 0 20
26 3 2 18
26 4 0 20
26 5 0 21
26 6 1 19
26 7 0 20
26 8 0 20
26 9 16 4
26 10 0 21
26 11 0 20
26 12 0 20
26 13 15 5
26 14 17 3
26 15 19 1
26 16 0 20
26 17 0 21
26 18 6 16
26 19 0 20
26 20 20 0
26 21 19 1
26 22 19 1
26 23 20 0
26 24 17 3
26 25 1 19
27 0 1 194
27 1 0 21
27 2 0 20
27 3 0 20
27 4 0 22
27 5 0 20
27 6 0 20
27 7 0 21
27 8 0 21
27 9 9 12
27 10 0 22
27 11 0 20
27 12 0 21
27 13 16 4
27 14 20 2
27 15 21 0
27 16 0 20
27 17 0 20
27 18 4 17
27 19 0 20
27 20 19 1
27 21 20 0
27 22 21 0
27 23 20 0
27 24 10 11
27 25 3 17
27 26 5 15
28 0 0 165
28 1 1 20
28 2 6 14
28 3 14 6
28 4 0 20
28 5 8 13
28 6 10 11
28 7 3 17
28 8 3 17
28 9 20 0
28 10 1 19
28 11 0 21
28 12 8 12
28 13 20 0
28 14 19 1
28 15 19 1
28 16 0 20
28 17 2 18
28 18 14 6
28 19 11 9
28 20 20 0
28 21 20 0
28 22 20 0
28 23 19 1
28 24 20 0
28 25 19 1
28 26 20 0
28 27 20 0
29 0 1 176
29 1 0 20
29 2 5 18
29 3 13 7
29 4 0 21
29 5 2 18
29 6 6 14
29 7 5 16
29 8 2 18
29 9 19 1
29 10 0 21
29 11 1 19
29 12 3 18
29 13 20 0
29 14 19 1
29 15 21 0
29 16 0 20
29 17 0 20
29 18 17 5
29 19 8 12
29 20 20 0
29 21 21 0
29 22 21 0
29 23 20 0
29 24 22 0
29 25 15 5
29 26 20 0
29 27 20 0
29 28 5 15
30 0 2 175
30 1 0 21
30 2 1 21
30 3 5 16
30 4 0 20
30 5 3 17
30 6 2 18
30 7 0 21
30 8 0 20
30 9 16 4
30 10 1 20
30 11 0 20
30 12 1 19
30 13 16 4
30 14 20 1
30 15 19 1
30 16 0 20
30 17 0 21
30 18 11 9
30 19 1 19
30 20 20 0
30 21 20 0
30 22 20 0
30 23 21 0
30 24 18 2
30 25 7 14
30 26 12 9
30 27 18 3
30 28 0 20
30 29 2 19
