1 0 1 72
2 0 1 90
2 1 5 15
3 0 0 68
3 1 0 20
3 2 4 16
4 0 22 69
4 1 20 0
4 2 19 1
4 3 20 0
5 0 5 79
5 1 12 8
5 2 17 3
5 3 20 0
5 4 3 18
6 0 1 89
6 1 4 16
6 2 10 11
6 3 16 5
6 4 1 21
6 5 1 20
7 0 3 92
7 1 10 10
7 2 12 8
7 3 17 4
7 4 2 18
7 5 6 14
7 6 14 6
8 0 1 82
8 1 11 10
8 2 13 8
8 3 19 2
8 4 2 18
8 5 7 14
8 6 13 8
8 7 10 10
9 0 1 92
9 1 0 21
9 2 4 16
9 3 12 9
9 4 0 20
9 5 4 20
9 6 8 12
9 7 2 20
9 8 0 20
10 0 14 80
10 1 14 8
10 2 17 4
10 3 17 3
10 4 3 18
10 5 16 4
10 6 20 0
10 7 18 3
10 8 18 3
10 9 20 0
11 0 7 71
11 1 12 10
11 2 12 8
11 3 18 2
11 4 0 21
11 5 15 6
11 6 18 2
11 7 16 4
11 8 17 3
11 9 20 0
11 10 6 14
12 0 2 74
12 1 3 17
12 2 7 13
12 3 14 6
12 4 2 18
12 5 7 14
12 6 11 9
12 7 7 13
12 8 1 20
12 9 17 3
12 10 1 19
12 11 1 21
13 0 0 78
13 1 0 20
13 2 1 19
13 3 2 18
13 4 0 21
13 5 0 20
13 6 0 21
13 7 1 19
13 8 0 20
13 9 2 20
13 10 0 20
13 11 0 22
13 12 1 19
14 0 0 92
14 1 0 20
14 2 0 21
14 3 2 20
14 4 0 20
14 5 0 20
14 6 0 21
14 7 1 21
14 8 0 20
14 9 3 17
14 10 0 20
14 11 1 20
14 12 2 18
14 13 7 13
15 0 0 88
15 1 1 20
15 2 0 20
15 3 1 19
15 4 0 20
15 5 0 20
15 6 0 20
15 7 0 20
15 8 1 19
15 9 0 22
15 10 0 20
15 11 0 20
15 12 3 18
15 13 7 16
15 14 6 14
16 0 8 78
16 1 18 2
16 2 20 0
16 3 21 0
16 4 9 11
16 5 17 4
16 6 19 2
16 7 19 1
16 8 18 2
16 9 18 2
16 10 17 3
16 11 15 5
16 12 18 2
16 13 21 0
16 14 20 0
16 15 19 1
17 0 1 69
17 1 9 11
17 2 16 5
17 3 20 0
17 4 2 18
17 5 12 8
17 6 19 2
17 7 10 10
17 8 14 6
17 9 21 0
17 10 5 15
17 11 9 11
17 12 19 1
17 13 20 0
17 14 20 0
17 15 19 1
17 16 3 17
18 0 0 79
18 1 1 19
18 2 3 17
18 3 12 8
18 4 0 20
18 5 1 19
18 6 3 17
18 7 3 18
18 8 2 18
18 9 10 10
18 10 0 20
18 11 2 18
18 12 6 15
18 13 15 5
18 14 20 0
18 15 19 1
18 16 2 18
18 17 0 20
19 0 1 85
19 1 1 19
19 2 3 18
19 3 6 14
19 4 0 20
19 5 0 20
19 6 0 20
19 7 2 18
19 8 2 19
19 9 6 15
19 10 0 20
19 11 0 20
19 12 6 15
19 13 18 2
19 14 20 0
19 15 20 1
19 16 0 21
19 17 1 19
19 18 3 17
20 0 0 84
20 1 0 20
20 2 0 20
20 3 0 20
20 4 0 20
20 5 0 21
20 6 0 23
20 7 0 20
20 8 0 20
20 9 0 20
20 10 0 22
20 11 0 20
20 12 0 20
20 13 0 20
20 14 0 21
20 15 0 20
20 16 0 20
20 17 0 20
20 18 0 20
20 19 0 20
21 0 0 84
21 1 0 20
21 2 0 20
21 3 0 20
21 4 0 20
21 5 0 21
21 6 0 20
21 7 0 20
21 8 0 20
21 9 0 20
21 10 0 20
21 11 0 20
21 12 1 20
21 13 0 21
21 14 0 21
21 15 3 17
21 16 0 20
21 17 0 20
21 18 0 20
21 19 0 20
21 20 12 8
22 0 0 83
22 1 0 20
22 2 1 20
22 3 0 20
22 4 1 20
22 5 0 21
22 6 3 17
22 7 0 20
22 8 0 20
22 9 2 18
22 10 1 19
22 11 0 22
22 12 1 21
22 13 15 5
22 14 14 6
22 15 18 2
22 16 2 18
22 17 0 20
22 18 7 13
22 19 6 15
22 20 20 0
22 21 20 0
23 0 0 80
23 1 0 21
23 2 0 20
23 3 0 20
23 4 1 20
23 5 0 22
23 6 0 22
23 7 0 20
23 8 1 19
23 9 0 21
23 10 0 22
23 11 0 21
23 12 0 20
23 13 3 17
23 14 4 17
23 15 10 10
23 16 0 20
23 17 0 20
23 18 0 21
23 19 0 20
23 20 20 1
23 21 20 1
23 22 1 19
24 0 0 95
24 1 0 21
24 2 1 19
24 3 0 20
24 4 0 21
24 5 0 20
24 6 0 21
24 7 0 21
24 8 0 21
24 9 0 21
24 10 0 21
24 11 0 21
24 12 0 20
24 13 0 20
24 14 0 21
24 15 0 20
24 16 0 20
24 17 0 21
24 18 1 19
24 19 0 20
24 20 6 14
24 21 7 14
24 22 0 21
24 23 0 20
25 0 0 80
25 1 1 19
25 2 1 19
25 3 3 18
25 4 0 20
25 5 3 18
25 6 1 20
25 7 0 21
25 8 1 20
25 9 4 17
25 10 1 21
25 11 0 20
25 12 2 18
25 13 15 5
25 14 18 2
25 15 19 2
25 16 0 20
25 17 1 20
25 18 4 16
25 19 7 14
25 20 22 0
25 21 20 0
25 22 9 11
25 23 19 1
25 24 20 0
26 0 0 88
26 1 3 20
26 2 6 16
26 3 13 7
26 4 1 19
26 5 4 17
26 6 6 14
26 7 0 20
26 8 2 18
26 9 14 7
26 10 0 21
26 11 3 17
26 12 10 12
26 13 20 1
26 14 20 0
26 15 20 0
26 16 2 18
26 17 4 16
26 18 11 10
26 19 15 5
26 20 20 0
26 21 20 0
26 22 20 0
26 23 20 0
26 24 21 0
26 25 18 2
27 0 0 89
27 1 0 21
27 2 0 22
27 3 0 20
27 4 0 21
27 5 0 20
27 6 1 20
27 7 0 20
27 8 0 20
27 9 1 19
27 10 0 20
27 11 0 21
27 12 1 19
27 13 4 17
27 14 8 12
27 15 8 12
27 16 0 21
27 17 0 20
27 18 1 19
27 19 1 19
27 20 21 0
27 21 21 0
27 22 2 18
27 23 14 6
27 24 20 0
27 25 0 20
27 26 0 21
28 0 2 82
28 1 15 6
28 2 14 6
28 3 19 1
28 4 1 19
28 5 10 10
28 6 14 6
28 7 12 8
28 8 15 6
28 9 20 0
28 10 6 15
28 11 11 10
28 12 18 2
28 13 21 1
28 14 20 0
28 15 20 0
28 16 1 19
28 17 11 10
28 18 18 2
28 19 20 1
28 20 20 0
28 21 21 0
28 22 20 0
28 23 20 0
28 24 20 0
28 25 21 0
28 26 18 2
28 27 20 0
29 0 1 95
29 1 3 17
29 2 8 12
29 3 9 11
29 4 0 20
29 5 2 18
29 6 5 15
29 7 5 15
29 8 2 19
29 9 19 1
29 10 0 20
29 11 0 20
29 12 10 10
29 13 20 0
29 14 19 1
29 15 20 1
29 16 1 19
29 17 2 18
29 18 9 11
29 19 17 3
29 20 20 0
29 21 20 0
29 22 19 1
29 23 20 0
29 24 19 1
29 25 18 2
29 26 10 10
29 27 20 0
29 28 1 19
30 0 1 86
30 1 0 21
30 2 3 18
30 3 8 12
30 4 0 20
30 5 1 19
30 6 3 17
30 7 1 19
30 8 0 20
30 9 4 16
30 10 1 20
30 11 0 20
30 12 2 19
30 13 17 3
30 14 19 2
30 15 20 1
30 16 0 21
30 17 1 20
30 18 5 15
30 19 6 15
30 20 20 0
30 21 20 0
30 22 16 4
30 23 20 0
30 24 21 0
30 25 14 6
30 26 1 19
30 27 20 1
30 28 0 20
30 29 3 17
