1 0 0 181
2 0 0 194
2 1 3 17
3 0 1 171
3 1 1 19
3 2 1 20
4 0 1 181
4 1 15 5
4 2 18 2
4 3 19 1
5 0 1 184
5 1 14 7
5 2 17 3
5 3 20 0
5 4 1 19
6 0 2 171
6 1 6 14
6 2 3 18
6 3 16 4
6 4 2 18
6 5 2 19
7 0 0 162
7 1 5 15
7 2 6 14
7 3 16 5
7 4 5 15
7 5 9 12
7 6 8 14
8 0 0 213
8 1 4 17
8 2 4 16
8 3 17 6
8 4 0 20
8 5 5 15
8 6 8 12
8 7 2 18
9 0 0 185
9 1 0 21
9 2 2 18
9 3 4 16
9 4 0 20
9 5 0 20
9 6 0 20
9 7 0 20
9 8 0 20
10 0 1 192
10 1 10 10
10 2 12 9
10 3 14 6
10 4 8 14
10 5 10 11
10 6 18 4
10 7 19 3
10 8 20 0
10 9 20 0
11 0 0 170
11 1 10 10
11 2 11 9
11 3 16 4
11 4 1 20
11 5 10 13
11 6 15 6
11 7 16 4
11 8 18 2
11 9 20 0
11 10 5 17
12 0 0 203
12 1 0 22
12 2 1 19
12 3 5 15
12 4 0 21
12 5 0 21
12 6 6 15
12 7 1 21
12 8 0 20
12 9 18 3
12 10 0 20
12 11 0 20
13 0 12 146
13 1 21 0
13 2 20 0
13 3 20 0
13 4 20 0
13 5 21 0
13 6 22 0
13 7 21 0
13 8 21 1
13 9 21 0
13 10 20 0
13 11 21 0
13 12 20 1
14 0 0 171
14 1 8 13
14 2 16 4
14 3 20 1
14 4 6 14
14 5 10 11
14 6 20 1
14 7 15 5
14 8 15 5
14 9 20 0
14 10 9 11
14 11 10 10
14 12 20 1
14 13 0 21
15 0 1 186
15 1 0 21
15 2 1 20
15 3 1 20
15 4 0 20
15 5 1 19
15 6 2 18
15 7 7 14
15 8 8 12
15 9 13 7
15 10 2 18
15 11 1 19
15 12 10 10
15 13 2 19
15 14 1 19
16 0 3 166
16 1 21 0
16 2 20 1
16 3 22 0
16 4 17 3
16 5 17 3
16 6 20 0
16 7 19 1
16 8 20 0
16 9 21 0
16 10 18 2
16 11 20 0
16 12 19 1
16 13 3 19
16 14 21 0
16 15 20 0
17 0 1 192
17 1 16 4
17 2 20 1
17 3 20 2
17 4 7 13
17 5 14 6
17 6 17 3
17 7 20 2
17 8 18 2
17 9 19 1
17 10 14 6
17 11 11 9
17 12 20 0
17 13 0 20
17 14 16 6
17 15 20 0
17 16 1 19
18 0 1 188
18 1 2 18
18 2 0 20
18 3 8 13
18 4 1 20
18 5 2 20
18 6 2 20
18 7 7 13
18 8 6 14
18 9 17 4
18 10 4 16
18 11 5 16
18 12 13 7
18 13 0 20
18 14 2 18
18 15 17 3
18 16 0 20
18 17 1 19
19 0 1 182
19 1 0 20
19 2 0 20
19 3 3 17
19 4 0 21
19 5 1 19
19 6 1 19
19 7 0 20
19 8 0 21
19 9 0 20
19 10 0 21
19 11 0 22
19 12 0 21
19 13 0 20
19 14 0 20
19 15 3 17
19 16 0 20
19 17 0 21
19 18 2 18
20 0 0 154
20 1 0 21
20 2 0 20
20 3 0 21
20 4 0 20
20 5 0 20
20 6 0 22
20 7 0 20
20 8 0 20
20 9 0 20
20 10 0 20
20 11 0 20
20 12 0 20
20 13 1 19
20 14 0 21
20 15 1 20
20 16 0 20
20 17 0 21
20 18 2 19
20 19 5 15
21 0 2 183
21 1 0 22
21 2 1 19
21 3 1 19
21 4 0 21
21 5 0 20
21 6 1 19
21 7 1 19
21 8 0 21
21 9 0 21
21 10 0 20
21 11 1 20
21 12 1 21
21 13 0 20
21 14 0 20
21 15 1 20
21 16 0 20
21 17 0 20
21 18 0 21
21 19 4 16
21 20 9 11
22 0 0 167
22 1 10 10
22 2 12 9
22 3 17 3
22 4 5 16
22 5 7 13
22 6 13 8
22 7 15 5
22 8 16 4
22 9 20 0
22 10 8 12
22 11 10 10
22 12 20 0
22 13 1 19
22 14 6 14
22 15 19 1
22 16 0 20
22 17 3 18
22 18 18 2
22 19 20 0
22 20 20 0
22 21 20 0
23 0 0 195
23 1 0 21
23 2 1 19
23 3 5 15
23 4 0 21
23 5 1 19
23 6 4 16
23 7 0 21
23 8 0 20
23 9 0 20
23 10 0 20
23 11 0 20
23 12 1 20
23 13 0 20
23 14 0 20
23 15 7 14
23 16 1 21
23 17 0 20
23 18 0 20
23 19 18 3
23 20 17 3
23 21 21 0
23 22 0 20
24 0 0 180
24 1 0 24
24 2 1 19
24 3 4 16
24 4 0 20
24 5 0 20
24 6 1 20
24 7 0 21
24 8 1 19
24 9 1 19
24 10 0 20
24 11 1 19
24 12 0 23
24 13 0 20
24 14 0 20
24 15 2 18
24 16 0 22
24 17 0 22
24 18 0 20
24 19 2 18
24 20 9 12
24 21 9 12
24 22 0 20
24 23 1 20
25 0 2 160
25 1 6 15
25 2 7 14
25 3 18 3
25 4 2 19
25 5 8 14
25 6 16 5
25 7 12 8
25 8 17 3
25 9 20 0
25 10 8 12
25 11 8 13
25 12 19 1
25 13 1 20
25 14 10 10
25 15 17 3
25 16 1 20
25 17 8 12
25 18 17 3
25 19 19 1
25 20 19 1
25 21 20 0
25 22 7 13
25 23 20 1
25 24 20 0
26 0 0 192
26 1 1 20
26 2 4 16
26 3 3 17
26 4 1 19
26 5 0 21
26 6 4 16
26 7 1 19
26 8 2 18
26 9 13 7
26 10 0 21
26 11 0 20
26 12 10 10
26 13 0 20
26 14 0 20
26 15 8 13
26 16 0 20
26 17 0 21
26 18 7 13
26 19 20 0
26 20 18 2
26 21 19 1
26 22 0 20
26 23 18 3
26 24 20 1
26 25 2 20
27 0 0 200
27 1 0 21
27 2 0 21
27 3 2 19
27 4 0 22
27 5 2 18
27 6 3 17
27 7 0 20
27 8 1 19
27 9 14 7
27 10 0 20
27 11 0 21
27 12 8 12
27 13 0 20
27 14 1 19
27 15 10 10
27 16 0 20
27 17 1 19
27 18 6 14
27 19 20 0
27 20 19 1
27 21 17 3
27 22 0 20
27 23 19 1
27 24 19 1
27 25 1 19
27 26 8 12
28 0 3 178
28 1 11 9
28 2 11 9
28 3 17 3
28 4 6 14
28 5 4 17
28 6 15 5
28 7 15 5
28 8 16 4
28 9 19 1
28 10 6 15
28 11 12 9
28 12 20 0
28 13 1 19
28 14 9 11
28 15 19 1
28 16 2 18
28 17 11 10
28 18 18 2
28 19 20 0
28 20 18 2
28 21 20 0
28 22 15 5
28 23 20 0
28 24 20 0
28 25 14 8
28 26 20 0
28 27 20 0
29 0 1 190
29 1 8 12
29 2 8 13
29 3 12 8
29 4 2 18
29 5 7 13
29 6 10 10
29 7 11 9
29 8 13 8
29 9 19 1
29 10 5 16
29 11 7 14
29 12 19 2
29 13 0 22
29 14 5 15
29 15 16 4
29 16 0 21
29 17 4 16
29 18 16 4
29 19 21 0
29 20 19 1
29 21 20 0
29 22 6 14
29 23 21 0
29 24 22 0
29 25 10 10
29 26 20 0
29 27 20 0
29 28 5 15
30 0 2 192
30 1 1 19
30 2 2 19
30 3 8 12
30 4 0 21
30 5 1 19
30 6 6 14
30 7 5 16
30 8 4 16
30 9 20 1
30 10 0 20
30 11 2 18
30 12 17 4
30 13 0 22
30 14 3 17
30 15 20 1
30 16 1 19
30 17 0 21
30 18 15 5
30 19 19 1
30 20 20 0
30 21 20 0
30 22 0 20
30 23 20 0
30 24 19 1
30 25 3 18
30 26 14 6
30 27 19 1
30 28 1 19
30 29 3 17
