1 0 11 178
2 0 1 169
2 1 1 20
3 0 2 178
3 1 0 20
3 2 3 17
4 0 53 147
4 1 20 0
4 2 19 1
4 3 20 0
5 0 2 175
5 1 6 14
5 2 15 5
5 3 19 2
5 4 0 22
6 0 3 190
6 1 0 20
6 2 3 17
6 3 17 3
6 4 1 19
6 5 3 18
7 0 17 150
7 1 5 16
7 2 14 6
7 3 22 0
7 4 4 16
7 5 14 6
7 6 17 3
8 0 16 175
8 1 9 11
8 2 18 2
8 3 20 1
8 4 4 16
8 5 13 8
8 6 17 3
8 7 12 8
9 0 1 188
9 1 0 21
9 2 5 17
9 3 12 10
9 4 1 19
9 5 2 18
9 6 4 17
9 7 0 20
9 8 0 20
10 0 49 146
10 1 14 7
10 2 21 1
10 3 19 1
10 4 10 10
10 5 16 4
10 6 19 1
10 7 18 2
10 8 17 3
10 9 20 0
11 0 38 132
11 1 16 5
11 2 20 2
11 3 20 0
11 4 8 12
11 5 17 3
11 6 21 0
11 7 16 4
11 8 16 4
11 9 20 0
11 10 10 11
12 0 9 177
12 1 4 16
12 2 12 9
12 3 18 2
12 4 2 19
12 5 9 11
12 6 19 2
12 7 3 17
12 8 1 20
12 9 21 0
12 10 0 20
12 11 0 21
13 0 1 162
13 1 2 19
13 2 5 16
13 3 14 7
13 4 0 20
13 5 2 19
13 6 5 15
13 7 0 21
13 8 1 19
13 9 7 13
13 10 0 22
13 11 2 18
13 12 4 16
14 0 3 184
14 1 0 20
14 2 1 19
14 3 5 15
14 4 0 20
14 5 0 20
14 6 4 16
14 7 0 20
14 8 0 22
14 9 3 17
14 10 0 20
14 11 0 20
14 12 1 19
14 13 0 20
15 0 1 164
15 1 0 20
15 2 0 20
15 3 0 20
15 4 2 19
15 5 0 20
15 6 1 19
15 7 1 19
15 8 0 20
15 9 0 21
15 10 0 20
15 11 0 20
15 12 0 20
15 13 2 19
15 14 1 19
16 0 64 91
16 1 17 3
16 2 20 0
16 3 20 0
16 4 12 8
16 5 19 1
16 6 20 0
16 7 17 4
16 8 19 3
16 9 20 0
16 10 12 8
16 11 13 7
16 12 15 5
16 13 19 1
16 14 21 0
16 15 20 0
17 0 3 151
17 1 2 18
17 2 19 2
17 3 20 0
17 4 2 18
17 5 15 5
17 6 20 0
17 7 9 11
17 8 11 10
17 9 19 1
17 10 3 17
17 11 3 18
17 12 16 5
17 13 14 6
17 14 19 2
17 15 19 1
17 16 1 19
18 0 2 183
18 1 1 19
18 2 1 19
18 3 6 14
18 4 0 20
18 5 0 21
18 6 1 20
18 7 1 19
18 8 0 21
18 9 6 14
18 10 0 20
18 11 0 20
18 12 0 20
18 13 8 13
18 14 16 4
18 15 21 1
18 16 0 20
18 17 2 18
19 0 3 159
19 1 1 19
19 2 14 7
19 3 19 1
19 4 1 19
19 5 11 9
19 6 21 0
19 7 4 16
19 8 7 15
19 9 20 0
19 10 1 21
19 11 2 18
19 12 9 13
19 13 19 1
19 14 18 2
19 15 21 0
19 16 0 20
19 17 7 13
19 18 18 2
20 0 0 165
20 1 0 20
20 2 1 20
20 3 3 19
20 4 0 22
20 5 0 20
20 6 2 18
20 7 0 20
20 8 2 18
20 9 0 20
20 10 1 19
20 11 0 20
20 12 0 20
20 13 0 21
20 14 0 20
20 15 10 11
20 16 0 20
20 17 0 22
20 18 0 20
20 19 0 20
21 0 1 184
21 1 1 19
21 2 0 20
21 3 0 21
21 4 0 20
21 5 0 20
21 6 1 19
21 7 0 22
21 8 0 21
21 9 0 21
21 10 0 21
21 11 0 21
21 12 0 20
21 13 0 21
21 14 2 19
21 15 1 19
21 16 1 19
21 17 0 20
21 18 1 19
21 19 0 23
21 20 3 17
22 0 2 167
22 1 7 13
22 2 20 1
22 3 19 1
22 4 0 20
22 5 13 8
22 6 18 2
22 7 5 15
22 8 7 13
22 9 18 2
22 10 4 17
22 11 4 16
22 12 12 8
22 13 20 1
22 14 20 0
22 15 19 1
22 16 1 19
22 17 12 8
22 18 19 2
22 19 15 5
22 20 20 0
22 21 20 0
23 0 0 166
23 1 0 20
23 2 0 21
23 3 1 19
23 4 0 20
23 5 0 20
23 6 1 19
23 7 0 20
23 8 0 20
23 9 0 22
23 10 2 18
23 11 0 20
23 12 0 20
23 13 0 23
23 14 2 19
23 15 7 13
23 16 0 20
23 17 1 19
23 18 1 19
23 19 0 20
23 20 13 7
23 21 19 1
23 22 0 20
24 0 1 180
24 1 0 21
24 2 1 19
24 3 0 20
24 4 0 20
24 5 0 20
24 6 0 21
24 7 0 20
24 8 0 20
24 9 1 19
24 10 0 21
24 11 0 20
24 12 0 21
24 13 0 21
24 14 0 20
24 15 0 21
24 16 0 20
24 17 0 20
24 18 0 20
24 19 0 20
24 20 1 19
24 21 5 15
24 22 0 20
24 23 2 18
25 0 2 168
25 1 0 20
25 2 0 20
25 3 4 16
25 4 0 20
25 5 1 19
25 6 1 19
25 7 1 19
25 8 0 20
25 9 0 20
25 10 0 20
25 11 0 20
25 12 1 19
25 13 0 20
25 14 3 17
25 15 16 5
25 16 1 19
25 17 1 19
25 18 9 11
25 19 0 20
25 20 17 3
25 21 17 3
25 22 0 20
25 23 15 5
25 24 21 0
26 0 0 168
26 1 0 21
26 2 1 19
26 3 0 20
26 4 1 19
26 5 0 20
26 6 3 17
26 7 1 19
26 8 0 21
26 9 1 19
26 10 0 20
26 11 0 20
26 12 1 21
26 13 0 20
26 14 5 15
26 15 19 2
26 16 0 20
26 17 0 20
26 18 1 20
26 19 0 22
26 20 19 1
26 21 21 0
26 22 0 21
26 23 19 1
26 24 20 0
26 25 12 9
27 0 1 160
27 1 0 20
27 2 1 22
27 3 2 18
27 4 0 20
27 5 0 21
27 6 1 20
27 7 1 19
27 8 0 20
27 9 1 19
27 10 0 20
27 11 0 23
27 12 0 20
27 13 5 16
27 14 8 12
27 15 19 2
27 16 0 20
27 17 0 20
27 18 3 17
27 19 0 23
27 20 20 0
27 21 18 2
27 22 0 20
27 23 20 0
27 24 20 0
27 25 12 8
27 26 11 9
28 0 5 183
28 1 6 15
28 2 16 4
28 3 20 0
28 4 1 19
28 5 6 14
28 6 19 2
28 7 4 17
28 8 6 14
28 9 19 1
28 10 0 20
28 11 0 20
28 12 15 5
28 13 18 2
28 14 20 0
28 15 20 0
28 16 2 18
28 17 4 16
28 18 18 2
28 19 12 8
28 20 20 0
28 21 20 0
28 22 7 13
28 23 20 0
28 24 18 2
28 25 20 0
28 26 20 0
28 27 21 0
29 0 0 189
29 1 1 19
29 2 1 19
29 3 9 12
29 4 0 21
29 5 2 18
29 6 5 16
29 7 0 20
29 8 1 19
29 9 9 11
29 10 1 19
29 11 1 20
29 12 5 16
29 13 6 15
29 14 15 5
29 15 16 4
29 16 1 20
29 17 1 19
29 18 8 12
29 19 0 20
29 20 19 1
29 21 20 0
29 22 3 17
29 23 21 1
29 24 20 0
29 25 17 3
29 26 20 0
29 27 17 5
29 28 0 20
30 0 0 199
30 1 0 20
30 2 1 19
30 3 11 9
30 4 0 20
30 5 1 19
30 6 4 16
30 7 0 22
30 8 2 18
30 9 13 8
30 10 0 20
30 11 0 20
30 12 0 21
30 13 10 10
30 14 14 6
30 15 20 0
30 16 0 20
30 17 1 20
30 18 18 5
30 19 0 21
30 20 20 0
30 21 20 1
30 22 1 19
30 23 21 0
30 24 21 0
30 25 20 1
30 26 18 2
30 27 20 0
30 28 1 19
30 29 9 11
