1 0 4 121
2 0 4 117
2 1 1 19
3 0 1 117
3 1 0 20
3 2 0 20
4 0 19 99
4 1 19 2
4 2 19 1
4 3 19 1
5 0 7 135
5 1 6 14
5 2 15 5
5 3 20 0
5 4 1 19
6 0 2 140
6 1 2 18
6 2 1 19
6 3 15 5
6 4 1 20
6 5 0 20
7 0 6 104
7 1 4 16
7 2 8 12
7 3 15 5
7 4 0 21
7 5 5 15
7 6 11 9
8 0 2 138
8 1 1 19
8 2 7 13
8 3 11 9
8 4 1 19
8 5 4 16
8 6 13 7
8 7 8 13
9 0 2 111
9 1 0 20
9 2 0 20
9 3 2 18
9 4 1 19
9 5 0 20
9 6 2 18
9 7 0 20
9 8 0 20
10 0 7 114
10 1 4 16
10 2 13 7
10 3 17 3
10 4 3 17
10 5 9 11
10 6 16 5
10 7 17 3
10 8 17 3
10 9 20 0
11 0 6 106
11 1 4 16
11 2 15 5
11 3 18 2
11 4 4 16
11 5 7 13
11 6 17 3
11 7 12 9
11 8 15 5
11 9 19 1
11 10 10 11
12 0 1 122
12 1 3 17
12 2 2 18
12 3 8 12
12 4 0 20
12 5 1 20
12 6 3 17
12 7 1 19
12 8 3 18
12 9 17 3
12 10 0 21
12 11 0 20
13 0 15 120
13 1 15 5
13 2 21 0
13 3 21 0
13 4 10 11
13 5 14 7
13 6 18 2
13 7 18 2
13 8 19 1
13 9 20 0
13 10 15 5
13 11 16 4
13 12 19 1
14 0 7 111
14 1 3 17
14 2 13 7
14 3 19 2
14 4 3 18
14 5 7 13
14 6 19 1
14 7 14 6
14 8 14 6
14 9 20 0
14 10 12 8
14 11 12 8
14 12 19 1
14 13 0 20
15 0 1 131
15 1 0 22
15 2 2 18
15 3 2 19
15 4 1 19
15 5 1 19
15 6 2 18
15 7 2 18
15 8 3 17
15 9 16 4
15 10 4 16
15 11 1 19
15 12 8 12
15 13 0 20
15 14 2 18
16 0 34 78
16 1 14 6
16 2 21 0
16 3 19 1
16 4 12 9
16 5 18 2
16 6 20 0
16 7 20 1
16 8 20 0
16 9 20 0
16 10 19 1
16 11 18 2
16 12 21 0
16 13 17 3
16 14 19 2
16 15 18 2
17 0 14 109
17 1 8 13
17 2 19 1
17 3 19 1
17 4 1 20
17 5 13 7
17 6 19 1
17 7 15 5
17 8 16 4
17 9 20 1
17 10 12 8
17 11 15 5
17 12 20 1
17 13 3 17
17 14 17 3
17 15 20 0
17 16 1 19
18 0 0 127
18 1 1 19
18 2 1 19
18 3 0 20
18 4 0 20
18 5 0 21
18 6 0 20
18 7 0 20
18 8 0 20
18 9 4 16
18 10 0 20
18 11 0 20
18 12 1 20
18 13 1 19
18 14 0 20
18 15 1 19
18 16 0 22
18 17 0 20
19 0 2 109
19 1 0 20
19 2 2 18
19 3 14 6
19 4 0 20
19 5 1 19
19 6 9 11
19 7 5 15
19 8 8 12
19 9 20 0
19 10 2 18
19 11 3 17
19 12 15 5
19 13 1 19
19 14 1 19
19 15 16 5
19 16 0 20
19 17 0 20
19 18 18 2
20 0 0 120
20 1 0 20
20 2 0 20
20 3 0 20
20 4 0 21
20 5 0 20
20 6 1 19
20 7 0 20
20 8 0 20
20 9 0 20
20 10 0 20
20 11 0 21
20 12 0 20
20 13 0 20
20 14 0 20
20 15 1 19
20 16 0 21
20 17 0 22
20 18 0 20
20 19 0 20
21 0 0 126
21 1 0 20
21 2 1 20
21 3 2 19
21 4 0 20
21 5 0 20
21 6 0 20
21 7 0 20
21 8 0 20
21 9 0 20
21 10 0 20
21 11 0 20
21 12 0 21
21 13 0 20
21 14 0 21
21 15 0 22
21 16 0 20
21 17 0 22
21 18 0 20
21 19 0 21
21 20 9 11
22 0 11 115
22 1 8 12
22 2 19 1
22 3 19 1
22 4 4 16
22 5 15 5
22 6 19 1
22 7 14 6
22 8 19 1
22 9 20 0
22 10 9 11
22 11 16 4
22 12 19 1
22 13 7 13
22 14 13 7
22 15 21 0
22 16 3 18
22 17 14 6
22 18 21 0
22 19 19 1
22 20 19 1
22 21 20 0
23 0 0 118
23 1 1 19
23 2 1 20
23 3 0 21
23 4 0 20
23 5 1 19
23 6 0 21
23 7 1 19
23 8 0 20
23 9 0 20
23 10 0 20
23 11 0 20
23 12 0 20
23 13 0 20
23 14 0 20
23 15 0 20
23 16 0 21
23 17 1 19
23 18 0 20
23 19 0 20
23 20 7 13
23 21 9 11
23 22 0 20
24 0 0 120
24 1 0 20
24 2 1 19
24 3 0 20
24 4 1 19
24 5 0 20
24 6 0 21
24 7 0 20
24 8 0 21
24 9 0 20
24 10 0 20
24 11 1 19
24 12 0 21
24 13 1 19
24 14 0 21
24 15 0 22
24 16 1 19
24 17 0 20
24 18 1 19
24 19 0 20
24 20 6 14
24 21 7 13
24 22 0 21
24 23 9 12
25 0 7 115
25 1 0 20
25 2 5 15
25 3 13 7
25 4 0 21
25 5 3 18
25 6 12 8
25 7 9 12
25 8 8 12
25 9 20 0
25 10 3 18
25 11 0 20
25 12 17 5
25 13 1 19
25 14 5 15
25 15 18 2
25 16 0 20
25 17 3 17
25 18 20 0
25 19 13 7
25 20 20 0
25 21 20 0
25 22 1 19
25 23 19 1
25 24 20 0
26 0 0 120
26 1 1 21
26 2 5 15
26 3 14 6
26 4 1 19
26 5 1 20
26 6 12 8
26 7 4 17
26 8 12 9
26 9 19 1
26 10 4 16
26 11 6 14
26 12 16 5
26 13 2 18
26 14 2 19
26 15 18 2
26 16 1 20
26 17 1 19
26 18 20 0
26 19 10 10
26 20 20 0
26 21 20 0
26 22 0 20
26 23 19 1
26 24 20 0
26 25 9 13
27 0 2 139
27 1 0 20
27 2 0 21
27 3 10 10
27 4 0 21
27 5 0 20
27 6 3 17
27 7 2 19
27 8 4 16
27 9 17 3
27 10 1 20
27 11 0 21
27 12 8 12
27 13 0 20
27 14 0 20
27 15 10 10
27 16 0 20
27 17 1 19
27 18 19 1
27 19 6 14
27 20 19 1
27 21 19 1
27 22 0 20
27 23 21 0
27 24 20 0
27 25 0 20
27 26 0 20
28 0 7 109
28 1 10 11
28 2 17 3
28 3 21 0
28 4 3 17
28 5 11 9
28 6 19 1
28 7 19 2
28 8 18 2
28 9 19 1
28 10 15 5
28 11 13 8
28 12 20 0
28 13 5 15
28 14 12 8
28 15 20 0
28 16 0 20
28 17 13 8
28 18 19 1
28 19 18 2
28 20 21 0
28 21 21 0
28 22 8 12
28 23 20 0
28 24 20 0
28 25 18 2
28 26 20 0
28 27 21 0
29 0 4 125
29 1 4 16
29 2 14 6
29 3 20 2
29 4 0 20
29 5 10 10
29 6 18 2
29 7 12 8
29 8 18 5
29 9 20 0
29 10 10 10
29 11 15 5
29 12 20 0
29 13 2 18
29 14 11 10
29 15 20 1
29 16 2 18
29 17 6 14
29 18 18 2
29 19 20 0
29 20 18 2
29 21 19 1
29 22 3 17
29 23 21 0
29 24 20 0
29 25 19 1
29 26 18 2
29 27 21 0
29 28 8 13
30 0 2 124
30 1 0 20
30 2 7 14
30 3 20 0
30 4 0 20
30 5 2 19
30 6 15 5
30 7 12 8
30 8 13 7
30 9 19 1
30 10 8 12
30 11 7 13
30 12 17 3
30 13 1 19
30 14 5 15
30 15 19 1
30 16 2 18
30 17 2 20
30 18 20 0
30 19 18 3
30 20 20 0
30 21 20 1
30 22 3 17
30 23 20 0
30 24 20 1
30 25 13 7
30 26 18 2
30 27 19 1
30 28 2 18
30 29 1 19
