1 0 1 96
2 0 0 78
2 1 3 17
3 0 0 80
3 1 0 20
3 2 1 20
4 0 15 79
4 1 19 1
4 2 19 1
4 3 21 0
5 0 5 87
5 1 12 8
5 2 16 4
5 3 19 1
5 4 0 20
6 0 1 76
6 1 3 17
6 2 9 11
6 3 18 2
6 4 0 21
6 5 2 19
7 0 6 72
7 1 16 4
7 2 20 1
7 3 20 0
7 4 7 15
7 5 17 4
7 6 19 1
8 0 1 87
8 1 18 2
8 2 21 1
8 3 20 0
8 4 5 16
8 5 18 2
8 6 18 2
8 7 6 14
9 0 0 83
9 1 0 20
9 2 3 18
9 3 13 7
9 4 0 20
9 5 2 18
9 6 5 15
9 7 0 20
9 8 0 20
10 0 15 69
10 1 19 1
10 2 20 0
10 3 20 0
10 4 10 10
10 5 20 0
10 6 20 0
10 7 18 2
10 8 21 0
10 9 20 0
11 0 17 61
11 1 18 3
11 2 19 1
11 3 20 0
11 4 8 12
11 5 20 0
11 6 19 1
11 7 14 7
11 8 16 4
11 9 21 0
11 10 7 13
12 0 1 66
12 1 7 13
12 2 17 3
12 3 20 1
12 4 0 21
12 5 11 10
12 6 19 2
12 7 1 19
12 8 4 16
12 9 20 1
12 10 0 21
12 11 0 20
13 0 8 77
13 1 18 2
13 2 18 3
13 3 19 1
13 4 3 17
13 5 19 1
13 6 19 1
13 7 13 8
13 8 11 11
13 9 20 0
13 10 5 16
13 11 8 12
13 12 17 4
14 0 0 83
14 1 1 19
14 2 5 15
14 3 19 1
14 4 0 20
14 5 1 19
14 6 15 5
14 7 0 20
14 8 1 20
14 9 17 4
14 10 0 20
14 11 0 20
14 12 2 18
14 13 0 21
15 0 0 77
15 1 0 20
15 2 0 20
15 3 2 18
15 4 0 20
15 5 0 20
15 6 1 19
15 7 0 21
15 8 0 20
15 9 5 15
15 10 0 20
15 11 0 20
15 12 0 20
15 13 0 20
15 14 0 23
16 0 6 68
16 1 19 1
16 2 20 0
16 3 19 1
16 4 7 13
16 5 19 1
16 6 18 2
16 7 8 13
16 8 12 8
16 9 20 0
16 10 6 14
16 11 6 14
16 12 17 3
16 13 16 4
16 14 21 0
16 15 20 0
17 0 2 90
17 1 9 11
17 2 19 2
17 3 20 0
17 4 1 19
17 5 11 9
17 6 18 2
17 7 2 18
17 8 6 14
17 9 18 2
17 10 2 18
17 11 4 16
17 12 10 10
17 13 3 17
17 14 22 1
17 15 20 1
17 16 3 17
18 0 0 81
18 1 1 20
18 2 1 19
18 3 6 14
18 4 0 20
18 5 0 20
18 6 2 18
18 7 1 19
18 8 1 19
18 9 9 11
18 10 0 20
18 11 1 20
18 12 4 17
18 13 1 19
18 14 3 17
18 15 20 0
18 16 1 19
18 17 0 20
19 0 0 90
19 1 0 21
19 2 9 11
19 3 17 3
19 4 0 20
19 5 4 16
19 6 14 7
19 7 4 16
19 8 1 19
19 9 15 5
19 10 0 20
19 11 0 21
19 12 1 19
19 13 1 19
19 14 8 12
19 15 18 2
19 16 1 21
19 17 2 19
19 18 16 4
20 0 0 92
20 1 0 21
20 2 3 17
20 3 9 11
20 4 0 20
20 5 0 21
20 6 5 15
20 7 0 21
20 8 0 20
20 9 4 16
20 10 0 21
20 11 0 20
20 12 0 20
20 13 1 19
20 14 3 18
20 15 15 5
20 16 0 20
20 17 1 21
20 18 6 14
20 19 0 20
21 0 0 87
21 1 0 21
21 2 1 19
21 3 0 21
21 4 0 20
21 5 0 20
21 6 1 19
21 7 0 20
21 8 0 20
21 9 0 20
21 10 0 20
21 11 0 20
21 12 0 20
21 13 0 21
21 14 0 20
21 15 0 20
21 16 0 20
21 17 0 20
21 18 0 20
21 19 0 20
21 20 0 20
22 0 1 91
22 1 4 16
22 2 13 7
22 3 19 1
22 4 1 19
22 5 10 11
22 6 13 7
22 7 1 19
22 8 0 21
22 9 15 5
22 10 0 21
22 11 0 20
22 12 7 13
22 13 1 19
22 14 14 6
22 15 18 2
22 16 2 18
22 17 8 12
22 18 17 3
22 19 15 5
22 20 19 1
22 21 21 0
23 0 0 92
23 1 0 20
23 2 0 20
23 3 0 21
23 4 0 20
23 5 0 21
23 6 0 20
23 7 0 20
23 8 0 20
23 9 0 21
23 10 0 20
23 11 0 20
23 12 1 20
23 13 0 20
23 14 0 20
23 15 1 19
23 16 1 19
23 17 0 21
23 18 1 20
23 19 0 20
23 20 0 20
23 21 7 13
23 22 0 20
24 0 0 83
24 1 1 19
24 2 0 20
24 3 0 20
24 4 0 20
24 5 0 20
24 6 1 19
24 7 0 20
24 8 0 20
24 9 0 20
24 10 0 20
24 11 0 20
24 12 0 20
24 13 0 20
24 14 0 20
24 15 0 20
24 16 0 21
24 17 0 21
24 18 0 20
24 19 2 18
24 20 0 20
24 21 6 14
24 22 0 21
24 23 12 9
25 0 0 76
25 1 0 20
25 2 1 20
25 3 10 11
25 4 0 21
25 5 2 19
25 6 7 13
25 7 0 20
25 8 0 21
25 9 8 12
25 10 0 20
25 11 0 20
25 12 1 20
25 13 0 20
25 14 3 18
25 15 17 3
25 16 0 20
25 17 1 19
25 18 10 10
25 19 8 12
25 20 13 7
25 21 20 0
25 22 5 15
25 23 20 0
25 24 20 0
26 0 0 89
26 1 0 20
26 2 1 19
26 3 7 13
26 4 0 20
26 5 0 20
26 6 7 15
26 7 0 21
26 8 0 20
26 9 10 10
26 10 0 20
26 11 0 20
26 12 0 20
26 13 0 20
26 14 4 16
26 15 17 3
26 16 1 19
26 17 1 20
26 18 7 13
26 19 2 19
26 20 15 5
26 21 20 0
26 22 5 16
26 23 20 0
26 24 20 0
26 25 6 15
27 0 0 87
27 1 0 21
27 2 0 20
27 3 3 17
27 4 0 22
27 5 0 20
27 6 1 19
27 7 0 20
27 8 0 20
27 9 4 16
27 10 0 20
27 11 0 20
27 12 0 21
27 13 0 20
27 14 0 20
27 15 13 8
27 16 1 20
27 17 0 20
27 18 6 15
27 19 1 19
27 20 2 19
27 21 21 0
27 22 0 20
27 23 21 0
27 24 19 1
27 25 2 18
27 26 3 17
28 0 2 90
28 1 2 20
28 2 8 12
28 3 15 5
28 4 0 20
28 5 5 15
28 6 13 7
28 7 0 20
28 8 0 20
28 9 18 2
28 10 1 19
28 11 0 20
28 12 3 17
28 13 1 19
28 14 13 7
28 15 16 4
28 16 2 19
28 17 3 17
28 18 16 4
28 19 13 7
28 20 19 1
28 21 19 1
28 22 6 14
28 23 21 0
28 24 20 0
28 25 18 3
28 26 17 3
28 27 18 2
29 0 0 79
29 1 6 14
29 2 12 8
29 3 18 3
29 4 0 20
29 5 7 14
29 6 15 5
29 7 1 19
29 8 3 18
29 9 19 1
29 10 1 20
29 11 0 20
29 12 5 15
29 13 2 18
29 14 13 7
29 15 20 0
29 16 0 20
29 17 2 18
29 18 18 2
29 19 17 3
29 20 21 0
29 21 20 0
29 22 10 10
29 23 20 0
29 24 20 0
29 25 19 1
29 26 19 1
29 27 19 1
29 28 15 5
30 0 1 82
30 1 1 19
30 2 7 13
30 3 18 5
30 4 0 20
30 5 3 17
30 6 7 14
30 7 1 19
30 8 1 20
30 9 14 7
30 10 1 19
30 11 0 20
30 12 2 18
30 13 0 21
30 14 6 14
30 15 19 1
30 16 1 19
30 17 0 20
30 18 13 7
30 19 10 10
30 20 16 4
30 21 20 0
30 22 4 16
30 23 21 0
30 24 20 0
30 25 13 7
30 26 15 5
30 27 19 1
30 28 1 19
30 29 1 19
