1 0 6 186
2 0 1 195
2 1 3 17
3 0 0 185
3 1 1 19
3 2 2 18
4 0 31 164
4 1 22 0
4 2 20 0
4 3 19 1
5 0 4 166
5 1 9 11
5 2 18 2
5 3 19 1
5 4 0 20
6 0 1 213
6 1 3 17
6 2 7 13
6 3 17 3
6 4 0 20
6 5 5 16
7 0 10 199
7 1 7 13
7 2 17 3
7 3 17 3
7 4 0 21
7 5 10 11
7 6 15 6
8 0 6 146
8 1 6 15
8 2 13 7
8 3 15 5
8 4 1 19
8 5 7 13
8 6 13 7
8 7 9 12
9 0 3 190
9 1 1 19
9 2 2 18
9 3 9 11
9 4 1 20
9 5 2 19
9 6 5 15
9 7 1 19
9 8 1 19
10 0 10 173
10 1 12 8
10 2 17 3
10 3 21 0
10 4 3 18
10 5 13 7
10 6 15 5
10 7 18 2
10 8 18 2
10 9 20 0
11 0 10 169
11 1 13 7
11 2 17 3
11 3 20 2
11 4 3 17
11 5 11 9
11 6 18 3
11 7 18 3
11 8 18 2
11 9 20 0
11 10 8 12
12 0 2 159
12 1 1 19
12 2 10 11
12 3 19 2
12 4 1 19
12 5 2 18
12 6 9 12
12 7 4 16
12 8 4 16
12 9 19 1
12 10 1 20
12 11 1 19
13 0 6 165
13 1 20 1
13 2 19 1
13 3 20 0
13 4 5 15
13 5 17 3
13 6 19 1
13 7 17 3
13 8 16 4
13 9 21 0
13 10 10 10
13 11 10 11
13 12 18 2
14 0 0 188
14 1 1 19
14 2 6 14
14 3 17 3
14 4 0 20
14 5 1 19
14 6 9 11
14 7 7 13
14 8 10 10
14 9 17 3
14 10 2 19
14 11 2 18
14 12 10 10
14 13 0 20
15 0 3 182
15 1 0 21
15 2 0 20
15 3 5 15
15 4 1 19
15 5 0 20
15 6 1 19
15 7 4 16
15 8 3 17
15 9 6 14
15 10 2 21
15 11 0 20
15 12 1 19
15 13 0 20
15 14 1 20
16 0 26 158
16 1 16 4
16 2 19 1
16 3 19 1
16 4 10 10
16 5 20 0
16 6 20 0
16 7 18 2
16 8 16 4
16 9 20 0
16 10 18 3
16 11 17 3
16 12 21 1
16 13 16 4
16 14 20 0
16 15 20 0
17 0 3 174
17 1 2 19
17 2 15 5
17 3 19 1
17 4 0 20
17 5 6 14
17 6 21 1
17 7 11 9
17 8 14 6
17 9 18 2
17 10 5 16
17 11 5 15
17 12 17 5
17 13 3 17
17 14 17 3
17 15 19 1
17 16 1 19
18 0 1 167
18 1 1 19
18 2 1 19
18 3 8 12
18 4 0 20
18 5 0 20
18 6 4 16
18 7 2 19
18 8 5 15
18 9 12 8
18 10 0 20
18 11 1 19
18 12 8 12
18 13 1 19
18 14 1 19
18 15 15 6
18 16 1 19
18 17 3 17
19 0 0 177
19 1 1 19
19 2 0 21
19 3 1 19
19 4 0 20
19 5 0 20
19 6 0 21
19 7 0 21
19 8 0 20
19 9 0 21
19 10 0 20
19 11 0 20
19 12 0 21
19 13 0 20
19 14 1 19
19 15 1 19
19 16 0 20
19 17 0 20
19 18 0 20
20 0 0 165
20 1 1 19
20 2 0 20
20 3 0 20
20 4 0 20
20 5 0 20
20 6 0 20
20 7 0 22
20 8 0 21
20 9 0 20
20 10 0 21
20 11 0 20
20 12 0 20
20 13 0 20
20 14 0 20
20 15 0 20
20 16 0 20
20 17 0 21
20 18 1 19
20 19 15 5
21 0 1 185
21 1 0 20
21 2 0 20
21 3 0 20
21 4 0 20
21 5 1 19
21 6 1 19
21 7 0 20
21 8 0 21
21 9 0 20
21 10 0 20
21 11 0 20
21 12 0 20
21 13 0 20
21 14 1 19
21 15 0 20
21 16 0 20
21 17 0 20
21 18 1 19
21 19 15 5
21 20 13 7
22 0 0 188
22 1 0 20
22 2 0 20
22 3 0 21
22 4 0 20
22 5 0 20
22 6 0 20
22 7 0 22
22 8 0 21
22 9 0 21
22 10 0 20
22 11 0 20
22 12 0 20
22 13 0 20
22 14 0 20
22 15 0 20
22 16 0 20
22 17 0 20
22 18 0 21
22 19 12 8
22 20 9 12
22 21 11 9
23 0 0 188
23 1 0 21
23 2 0 21
23 3 0 20
23 4 0 20
23 5 0 21
23 6 1 19
23 7 0 20
23 8 0 21
23 9 0 21
23 10 0 21
23 11 0 20
23 12 0 20
23 13 0 23
23 14 0 22
23 15 0 21
23 16 0 20
23 17 0 20
23 18 0 20
23 19 8 12
23 20 9 11
23 21 9 11
23 22 10 10
24 0 1 177
24 1 0 21
24 2 0 20
24 3 0 20
24 4 0 20
24 5 1 19
24 6 1 19
24 7 0 20
24 8 0 20
24 9 1 19
24 10 0 20
24 11 1 19
24 12 0 20
24 13 0 20
24 14 0 20
24 15 1 19
24 16 1 19
24 17 0 20
24 18 0 20
24 19 8 13
24 20 11 10
24 21 9 11
24 22 8 13
24 23 11 9
25 0 0 210
25 1 0 23
25 2 1 19
25 3 7 13
25 4 0 20
25 5 0 20
25 6 2 18
25 7 1 19
25 8 1 19
25 9 5 15
25 10 0 20
25 11 0 20
25 12 2 19
25 13 0 20
25 14 1 19
25 15 14 7
25 16 2 18
25 17 0 21
25 18 8 12
25 19 20 0
25 20 20 0
25 21 20 0
25 22 20 0
25 23 20 0
25 24 20 0
26 0 0 189
26 1 0 20
26 2 1 19
26 3 3 17
26 4 0 20
26 5 0 21
26 6 0 20
26 7 0 21
26 8 0 20
26 9 2 18
26 10 1 20
26 11 1 19
26 12 0 20
26 13 0 20
26 14 0 20
26 15 16 4
26 16 1 19
26 17 0 20
26 18 6 15
26 19 20 0
26 20 20 0
26 21 20 0
26 22 19 1
26 23 20 0
26 24 20 0
26 25 3 18
27 0 5 170
27 1 14 6
27 2 17 3
27 3 20 0
27 4 3 18
27 5 10 10
27 6 15 5
27 7 10 10
27 8 18 2
27 9 21 0
27 10 6 14
27 11 6 14
27 12 17 4
27 13 10 10
27 14 20 0
27 15 19 1
27 16 1 19
27 17 17 5
27 18 16 4
27 19 20 0
27 20 20 0
27 21 20 0
27 22 22 0
27 23 20 0
27 24 20 0
27 25 20 0
27 26 19 1
28 0 6 178
28 1 13 8
28 2 19 1
28 3 19 1
28 4 1 19
28 5 14 6
28 6 18 2
28 7 14 6
28 8 16 4
28 9 19 1
28 10 8 12
28 11 14 9
28 12 16 4
28 13 5 15
28 14 20 0
28 15 21 1
28 16 2 18
28 17 16 4
28 18 20 0
28 19 20 0
28 20 20 0
28 21 20 0
28 22 20 0
28 23 20 0
28 24 20 0
28 25 20 0
28 26 20 0
28 27 12 8
29 0 0 176
29 1 0 20
29 2 7 14
29 3 17 3
29 4 0 20
29 5 3 18
29 6 15 5
29 7 8 12
29 8 10 10
29 9 18 2
29 10 2 19
29 11 0 20
29 12 8 12
29 13 2 18
29 14 9 11
29 15 22 1
29 16 1 19
29 17 3 18
29 18 17 3
29 19 20 0
29 20 20 0
29 21 20 0
29 22 20 0
29 23 20 0
29 24 21 0
29 25 17 3
29 26 20 0
29 27 1 19
29 28 0 20
