1 0 30 164
2 0 6 184
2 1 2 18
3 0 1 170
3 1 1 20
3 2 2 18
4 0 39 131
4 1 17 3
4 2 17 3
4 3 21 0
5 0 6 152
5 1 3 19
5 2 15 5
5 3 20 0
5 4 2 19
6 0 4 171
6 1 0 21
6 2 3 19
6 3 16 5
6 4 0 20
6 5 2 18
7 0 11 159
7 1 1 19
7 2 12 9
7 3 17 3
7 4 2 18
7 5 6 14
7 6 16 5
8 0 6 179
8 1 3 17
8 2 5 15
8 3 12 8
8 4 1 20
8 5 5 15
8 6 15 7
8 7 8 13
9 0 0 198
9 1 0 21
9 2 1 20
9 3 0 20
9 4 0 20
9 5 0 21
9 6 5 15
9 7 1 19
9 8 0 21
10 0 23 175
10 1 6 15
10 2 15 5
10 3 20 0
10 4 5 15
10 5 12 8
10 6 19 1
10 7 16 5
10 8 17 4
10 9 20 0
11 0 9 180
11 1 4 16
11 2 14 7
11 3 19 1
11 4 2 18
11 5 15 6
11 6 17 4
11 7 17 4
11 8 19 1
11 9 20 0
11 10 15 5
12 0 2 195
12 1 0 20
12 2 3 18
12 3 13 7
12 4 1 19
12 5 0 20
12 6 6 14
12 7 2 19
12 8 3 19
12 9 21 0
12 10 2 19
12 11 0 20
13 0 72 96
13 1 16 5
13 2 20 1
13 3 20 0
13 4 12 8
13 5 20 2
13 6 19 1
13 7 15 5
13 8 21 0
13 9 22 1
13 10 18 2
13 11 19 1
13 12 21 0
14 0 1 179
14 1 2 18
14 2 11 9
14 3 19 2
14 4 0 21
14 5 2 18
14 6 19 2
14 7 10 10
14 8 10 10
14 9 20 0
14 10 3 17
14 11 9 12
14 12 18 2
14 13 1 20
15 0 3 177
15 1 1 19
15 2 1 19
15 3 1 19
15 4 0 22
15 5 1 19
15 6 0 20
15 7 1 20
15 8 2 18
15 9 9 11
15 10 1 19
15 11 1 19
15 12 4 16
15 13 0 20
15 14 2 19
16 0 41 137
16 1 13 7
16 2 19 1
16 3 19 1
16 4 5 16
16 5 17 3
16 6 20 0
16 7 17 3
16 8 18 2
16 9 18 2
16 10 14 6
16 11 15 5
16 12 23 0
16 13 12 8
16 14 17 3
16 15 19 1
17 0 8 167
17 1 4 16
17 2 18 3
17 3 19 1
17 4 2 18
17 5 9 12
17 6 21 0
17 7 14 6
17 8 17 3
17 9 20 0
17 10 12 8
17 11 8 12
17 12 21 0
17 13 3 18
17 14 15 6
17 15 19 1
17 16 2 18
18 0 1 178
18 1 0 20
18 2 2 18
18 3 10 10
18 4 0 20
18 5 0 20
18 6 0 22
18 7 2 18
18 8 7 13
18 9 18 3
18 10 0 20
18 11 0 22
18 12 7 13
18 13 0 20
18 14 3 19
18 15 21 2
18 16 0 21
18 17 0 20
19 0 4 173
19 1 1 19
19 2 10 10
19 3 8 12
19 4 1 19
19 5 4 16
19 6 8 13
19 7 4 16
19 8 2 18
19 9 18 2
19 10 1 20
19 11 2 20
19 12 18 3
19 13 0 20
19 14 9 11
19 15 20 0
19 16 0 20
19 17 4 16
19 18 12 8
20 0 0 176
20 1 0 20
20 2 1 19
20 3 0 20
20 4 0 21
20 5 0 21
20 6 0 20
20 7 0 20
20 8 0 21
20 9 0 21
20 10 0 21
20 11 0 20
20 12 0 21
20 13 0 21
20 14 0 20
20 15 2 18
20 16 0 20
20 17 1 20
20 18 0 20
20 19 0 20
21 0 1 171
21 1 1 19
21 2 0 21
21 3 1 19
21 4 0 20
21 5 0 20
21 6 0 20
21 7 1 19
21 8 1 19
21 9 2 19
21 10 0 22
21 11 0 20
21 12 1 20
21 13 0 21
21 14 1 20
21 15 1 19
21 16 0 20
21 17 0 21
21 18 0 22
21 19 2 18
21 20 11 9
22 0 12 153
22 1 8 13
22 2 18 3
22 3 20 1
22 4 5 16
22 5 15 6
22 6 20 0
22 7 18 3
22 8 16 5
22 9 20 0
22 10 12 8
22 11 14 9
22 12 20 1
22 13 1 19
22 14 19 4
22 15 20 1
22 16 7 13
22 17 17 3
22 18 20 0
22 19 19 1
22 20 20 0
22 21 20 1
23 0 0 201
23 1 1 19
23 2 1 20
23 3 0 20
23 4 0 20
23 5 0 20
23 6 0 22
23 7 0 21
23 8 0 20
23 9 2 18
23 10 0 20
23 11 0 21
23 12 1 21
23 13 0 21
23 14 0 20
23 15 3 17
23 16 0 20
23 17 0 21
23 18 2 19
23 19 0 22
23 20 9 11
23 21 9 13
23 22 0 21
24 0 0 185
24 1 0 20
24 2 0 20
24 3 1 20
24 4 0 23
24 5 0 20
24 6 1 19
24 7 0 20
24 8 0 21
24 9 0 20
24 10 0 20
24 11 0 20
24 12 0 20
24 13 1 20
24 14 0 20
24 15 1 21
24 16 1 19
24 17 0 20
24 18 2 18
24 19 1 19
24 20 8 12
24 21 8 13
24 22 1 20
24 23 7 14
25 0 2 180
25 1 1 19
25 2 5 15
25 3 20 1
25 4 1 19
25 5 5 15
25 6 15 7
25 7 6 15
25 8 10 10
25 9 20 0
25 10 1 19
25 11 2 18
25 12 17 3
25 13 0 22
25 14 7 13
25 15 17 3
25 16 3 17
25 17 3 18
25 18 18 2
25 19 12 8
25 20 21 0
25 21 20 0
25 22 2 20
25 23 21 0
25 24 20 0
26 0 3 175
26 1 0 21
26 2 2 19
26 3 16 4
26 4 0 20
26 5 4 16
26 6 10 11
26 7 4 19
26 8 6 15
26 9 19 1
26 10 2 18
26 11 0 20
26 12 17 4
26 13 0 21
26 14 4 18
26 15 19 2
26 16 0 21
26 17 1 19
26 18 10 10
26 19 9 11
26 20 20 0
26 21 20 0
26 22 1 20
26 23 20 1
26 24 20 0
26 25 2 19
27 0 3 164
27 1 0 20
27 2 0 21
27 3 6 14
27 4 0 20
27 5 0 20
27 6 0 21
27 7 3 17
27 8 1 19
27 9 20 1
27 10 0 20
27 11 0 21
27 12 6 14
27 13 0 20
27 14 1 19
27 15 18 3
27 16 0 21
27 17 0 20
27 18 4 18
27 19 2 18
27 20 19 1
27 21 21 0
27 22 0 20
27 23 17 3
27 24 21 0
27 25 0 20
27 26 2 18
28 0 9 171
28 1 5 15
28 2 12 8
28 3 20 0
28 4 4 17
28 5 9 11
28 6 18 2
28 7 15 5
28 8 17 3
28 9 20 1
28 10 9 12
28 11 9 11
28 12 20 0
28 13 0 20
28 14 17 4
28 15 23 0
28 16 3 18
28 17 6 14
28 18 20 0
28 19 18 3
28 20 21 0
28 21 20 0
28 22 2 19
28 23 20 0
28 24 19 1
28 25 18 2
28 26 20 0
28 27 20 0
29 0 5 164
29 1 2 19
29 2 15 7
29 3 18 3
29 4 1 19
29 5 8 12
29 6 16 4
29 7 11 9
29 8 14 8
29 9 21 0
29 10 9 12
29 11 9 12
29 12 20 1
29 13 0 22
29 14 12 8
29 15 21 0
29 16 2 18
29 17 9 11
29 18 19 1
29 19 20 2
29 20 20 0
29 21 21 0
29 22 0 20
29 23 20 0
29 24 20 0
29 25 16 4
29 26 19 2
29 27 21 0
29 28 5 15
30 0 3 177
30 1 0 21
30 2 2 19
30 3 11 10
30 4 1 19
30 5 0 21
30 6 5 15
30 7 2 18
30 8 1 19
30 9 18 3
30 10 0 21
30 11 0 22
30 12 10 10
30 13 0 20
30 14 0 21
30 15 21 0
30 16 0 20
30 17 0 20
30 18 11 9
30 19 5 16
30 20 20 1
30 21 20 0
30 22 2 18
30 23 20 0
30 24 20 0
30 25 3 17
30 26 11 9
30 27 16 4
30 28 0 21
30 29 0 20
