1 0 2 186
2 0 1 162
2 1 3 18
3 0 2 145
3 1 4 16
3 2 0 20
4 0 27 147
4 1 20 0
4 2 19 1
4 3 21 0
5 0 0 166
5 1 13 7
5 2 19 1
5 3 21 0
5 4 4 16
6 0 0 198
6 1 5 16
6 2 4 17
6 3 17 3
6 4 0 20
6 5 4 17
7 0 8 175
7 1 11 9
7 2 16 4
7 3 20 0
7 4 5 15
7 5 12 8
7 6 18 3
8 0 4 176
8 1 8 12
8 2 16 5
8 3 20 2
8 4 1 19
8 5 12 10
8 6 18 3
8 7 9 12
9 0 0 180
9 1 0 20
9 2 4 19
9 3 11 9
9 4 0 20
9 5 1 19
9 6 7 13
9 7 0 21
9 8 0 20
10 0 12 189
10 1 15 5
10 2 21 0
10 3 19 1
10 4 5 16
10 5 18 4
10 6 17 3
10 7 16 5
10 8 17 4
10 9 21 0
11 0 14 160
11 1 14 6
11 2 19 1
11 3 18 2
11 4 5 17
11 5 11 9
11 6 18 4
11 7 17 3
11 8 13 7
11 9 20 0
11 10 9 11
12 0 1 175
12 1 2 20
12 2 2 19
12 3 11 9
12 4 1 19
12 5 3 17
12 6 8 12
12 7 0 20
12 8 1 19
12 9 16 4
12 10 0 20
12 11 0 20
13 0 11 168
13 1 18 4
13 2 19 2
13 3 20 0
13 4 8 12
13 5 11 9
13 6 20 0
13 7 13 7
13 8 12 8
13 9 20 0
13 10 8 12
13 11 12 8
13 12 19 1
14 0 4 164
14 1 5 15
14 2 8 12
14 3 17 3
14 4 0 21
14 5 1 19
14 6 13 7
14 7 3 17
14 8 11 9
14 9 19 1
14 10 3 18
14 11 3 17
14 12 15 6
14 13 0 21
15 0 0 189
15 1 0 21
15 2 2 18
15 3 1 19
15 4 0 20
15 5 0 21
15 6 2 18
15 7 0 20
15 8 3 17
15 9 3 18
15 10 0 21
15 11 0 20
15 12 4 16
15 13 0 21
15 14 3 18
16 0 19 175
16 1 17 4
16 2 21 0
16 3 21 0
16 4 7 13
16 5 18 2
16 6 19 2
16 7 16 5
16 8 17 3
16 9 20 0
16 10 10 10
16 11 17 4
16 12 18 2
16 13 14 6
16 14 22 0
16 15 20 1
17 0 4 176
17 1 13 7
17 2 20 0
17 3 18 2
17 4 3 18
17 5 9 12
17 6 18 2
17 7 11 11
17 8 11 10
17 9 21 0
17 10 2 18
17 11 5 15
17 12 19 1
17 13 4 16
17 14 16 5
17 15 19 1
17 16 0 20
18 0 0 200
18 1 0 20
18 2 1 19
18 3 7 13
18 4 0 20
18 5 1 20
18 6 0 20
18 7 3 17
18 8 2 18
18 9 10 11
18 10 0 21
18 11 0 21
18 12 6 14
18 13 0 21
18 14 6 14
18 15 18 2
18 16 0 20
18 17 0 20
19 0 3 194
19 1 1 19
19 2 4 17
19 3 16 4
19 4 1 19
19 5 2 18
19 6 7 13
19 7 1 20
19 8 2 18
19 9 15 5
19 10 1 19
19 11 0 21
19 12 17 4
19 13 1 22
19 14 6 14
19 15 16 5
19 16 0 20
19 17 1 19
19 18 10 10
20 0 0 182
20 1 0 21
20 2 0 20
20 3 1 19
20 4 0 20
20 5 0 20
20 6 1 21
20 7 0 20
20 8 0 20
20 9 0 20
20 10 0 20
20 11 0 20
20 12 0 21
20 13 0 22
20 14 0 20
20 15 1 19
20 16 1 20
20 17 1 19
20 18 1 21
20 19 0 21
21 0 1 192
21 1 0 20
21 2 0 21
21 3 0 20
21 4 0 21
21 5 0 21
21 6 0 21
21 7 0 21
21 8 0 20
21 9 0 20
21 10 0 20
21 11 0 20
21 12 0 20
21 13 0 20
21 14 2 18
21 15 4 16
21 16 0 20
21 17 0 21
21 18 2 19
21 19 0 20
21 20 17 3
22 0 6 176
22 1 11 10
22 2 15 5
22 3 17 3
22 4 0 20
22 5 11 10
22 6 13 7
22 7 7 13
22 8 9 11
22 9 20 1
22 10 5 16
22 11 5 16
22 12 17 3
22 13 1 19
22 14 13 8
22 15 18 2
22 16 2 19
22 17 6 14
22 18 16 4
22 19 19 1
22 20 21 0
22 21 21 0
23 0 1 156
23 1 1 19
23 2 9 12
23 3 14 6
23 4 0 20
23 5 0 20
23 6 13 7
23 7 3 18
23 8 2 18
23 9 18 2
23 10 0 20
23 11 2 19
23 12 14 6
23 13 0 20
23 14 5 15
23 15 21 1
23 16 0 21
23 17 2 19
23 18 16 4
23 19 15 5
23 20 20 0
23 21 20 0
23 22 2 19
24 0 1 185
24 1 0 23
24 2 1 19
24 3 0 20
24 4 0 20
24 5 0 20
24 6 1 19
24 7 0 20
24 8 0 20
24 9 0 20
24 10 0 21
24 11 0 21
24 12 1 19
24 13 0 20
24 14 1 19
24 15 2 21
24 16 0 20
24 17 0 20
24 18 1 19
24 19 0 21
24 20 0 20
24 21 0 22
24 22 0 20
24 23 0 20
25 0 0 160
25 1 0 20
25 2 1 19
25 3 7 14
25 4 0 21
25 5 1 19
25 6 1 19
25 7 0 20
25 8 0 20
25 9 2 18
25 10 0 20
25 11 0 20
25 12 2 19
25 13 0 20
25 14 3 17
25 15 9 11
25 16 0 21
25 17 0 20
25 18 3 17
25 19 3 17
25 20 19 1
25 21 16 4
25 22 0 20
25 23 1 20
25 24 22 0
26 0 2 166
26 1 1 19
26 2 2 18
26 3 3 18
26 4 0 20
26 5 0 20
26 6 1 20
26 7 0 20
26 8 0 20
26 9 3 17
26 10 0 20
26 11 0 20
26 12 1 20
26 13 0 21
26 14 0 21
26 15 9 11
26 16 0 22
26 17 0 22
26 18 4 16
26 19 1 19
26 20 20 0
26 21 20 0
26 22 0 21
26 23 1 19
26 24 22 0
26 25 5 15
27 0 1 183
27 1 0 21
27 2 0 20
27 3 2 20
27 4 0 21
27 5 1 20
27 6 1 20
27 7 0 20
27 8 1 20
27 9 1 20
27 10 0 20
27 11 0 23
27 12 0 20
27 13 0 20
27 14 1 19
27 15 5 16
27 16 0 21
27 17 0 20
27 18 2 18
27 19 2 18
27 20 16 4
27 21 13 7
27 22 0 21
27 23 0 21
27 24 18 2
27 25 0 20
27 26 2 18
28 0 2 159
28 1 4 17
28 2 5 15
28 3 15 6
28 4 0 20
28 5 4 17
28 6 13 7
28 7 3 19
28 8 3 18
28 9 19 2
28 10 0 20
28 11 0 20
28 12 12 8
28 13 2 18
28 14 8 14
28 15 17 3
28 16 0 20
28 17 0 21
28 18 14 6
28 19 9 11
28 20 22 0
28 21 21 0
28 22 5 16
28 23 13 8
28 24 20 0
28 25 19 1
28 26 20 0
28 27 20 0
29 0 0 176
29 1 3 18
29 2 4 16
29 3 13 7
29 4 0 20
29 5 4 17
29 6 15 5
29 7 1 19
29 8 6 14
29 9 18 2
29 10 1 19
29 11 4 16
29 12 12 8
29 13 1 20
29 14 7 13
29 15 15 7
29 16 1 21
29 17 6 14
29 18 16 4
29 19 16 4
29 20 20 1
29 21 19 1
29 22 5 16
29 23 15 6
29 24 19 1
29 25 21 0
29 26 22 0
29 27 20 0
29 28 8 12
30 0 1 171
30 1 1 19
30 2 3 17
30 3 6 14
30 4 0 20
30 5 1 20
30 6 3 17
30 7 1 20
30 8 0 20
30 9 4 16
30 10 0 20
30 11 0 20
30 12 2 18
30 13 1 19
30 14 1 20
30 15 14 6
30 16 1 20
30 17 0 21
30 18 8 12
30 19 5 15
30 20 19 1
30 21 19 1
30 22 2 18
30 23 1 20
30 24 20 0
30 25 15 5
30 26 19 1
30 27 19 1
30 28 3 18
30 29 1 21
