1 0 1 83
2 0 0 75
2 1 2 18
3 0 0 80
3 1 0 21
3 2 3 17
4 0 8 68
4 1 18 3
4 2 18 2
4 3 20 0
5 0 0 77
5 1 9 12
5 2 13 7
5 3 20 0
5 4 1 19
6 0 3 76
6 1 3 17
6 2 7 14
6 3 19 1
6 4 0 20
6 5 1 20
7 0 3 69
7 1 12 8
7 2 18 2
7 3 20 0
7 4 4 16
7 5 14 6
7 6 17 3
8 0 1 82
8 1 6 14
8 2 19 2
8 3 20 0
8 4 2 19
8 5 11 9
8 6 17 4
8 7 8 12
9 0 1 84
9 1 2 18
9 2 4 16
9 3 8 12
9 4 1 19
9 5 0 20
9 6 6 14
9 7 0 20
9 8 0 20
10 0 7 85
10 1 12 9
10 2 20 0
10 3 20 0
10 4 5 15
10 5 15 5
10 6 18 2
10 7 12 8
10 8 18 2
10 9 19 1
11 0 4 79
11 1 13 7
11 2 19 3
11 3 20 0
11 4 6 15
11 5 15 5
11 6 18 2
11 7 8 13
11 8 18 2
11 9 20 0
11 10 4 16
12 0 1 81
12 1 0 20
12 2 6 14
12 3 11 10
12 4 0 20
12 5 3 17
12 6 8 12
12 7 1 20
12 8 2 18
12 9 19 1
12 10 0 20
12 11 1 19
13 0 7 63
13 1 15 6
13 2 17 3
13 3 20 0
13 4 2 18
13 5 10 10
13 6 16 4
13 7 13 7
13 8 13 7
13 9 19 1
13 10 10 10
13 11 9 11
13 12 19 1
14 0 1 74
14 1 0 20
14 2 0 20
14 3 1 19
14 4 0 23
14 5 0 20
14 6 1 19
14 7 0 21
14 8 0 20
14 9 2 19
14 10 1 19
14 11 0 20
14 12 0 20
14 13 0 20
15 0 0 75
15 1 0 21
15 2 0 20
15 3 0 20
15 4 0 20
15 5 1 19
15 6 0 20
15 7 0 20
15 8 1 19
15 9 1 21
15 10 1 19
15 11 1 19
15 12 0 20
15 13 0 20
15 14 2 18
16 0 2 99
16 1 6 15
16 2 16 5
16 3 21 0
16 4 1 19
16 5 10 10
16 6 16 4
16 7 9 11
16 8 13 7
16 9 20 0
16 10 5 15
16 11 5 15
16 12 18 2
16 13 7 13
16 14 21 0
16 15 19 1
17 0 0 99
17 1 4 16
17 2 13 7
17 3 20 0
17 4 1 19
17 5 4 16
17 6 14 6
17 7 7 13
17 8 3 17
17 9 20 1
17 10 3 17
17 11 3 17
17 12 17 4
17 13 4 17
17 14 20 0
17 15 20 0
17 16 4 17
18 0 1 88
18 1 0 20
18 2 1 19
18 3 9 12
18 4 0 20
18 5 1 19
18 6 0 20
18 7 2 18
18 8 1 19
18 9 13 7
18 10 0 20
18 11 1 19
18 12 9 11
18 13 2 19
18 14 19 1
18 15 20 0
18 16 1 19
18 17 0 20
19 0 0 94
19 1 0 20
19 2 0 20
19 3 0 20
19 4 0 20
19 5 0 20
19 6 0 20
19 7 0 20
19 8 1 19
19 9 0 22
19 10 0 20
19 11 0 20
19 12 0 20
19 13 0 20
19 14 0 20
19 15 0 20
19 16 0 20
19 17 0 20
19 18 0 20
20 0 0 77
20 1 0 20
20 2 0 20
20 3 0 20
20 4 0 20
20 5 0 20
20 6 0 21
20 7 1 19
20 8 0 22
20 9 0 20
20 10 0 20
20 11 0 20
20 12 0 20
20 13 0 20
20 14 0 20
20 15 0 20
20 16 0 20
20 17 0 20
20 18 1 19
20 19 10 11
21 0 2 76
21 1 0 20
21 2 0 20
21 3 0 20
21 4 0 20
21 5 1 19
21 6 0 20
21 7 0 21
21 8 0 20
21 9 0 20
21 10 0 21
21 11 0 20
21 12 0 20
21 13 0 20
21 14 1 19
21 15 1 19
21 16 0 20
21 17 0 20
21 18 1 20
21 19 13 7
21 20 6 14
22 0 0 92
22 1 1 19
22 2 0 21
22 3 1 21
22 4 0 22
22 5 0 20
22 6 0 20
22 7 0 20
22 8 0 20
22 9 1 19
22 10 0 20
22 11 0 20
22 12 0 20
22 13 0 20
22 14 0 20
22 15 0 20
22 16 0 20
22 17 0 20
22 18 0 20
22 19 9 11
22 20 14 6
22 21 8 12
23 0 0 78
23 1 0 20
23 2 0 20
23 3 0 20
23 4 1 19
23 5 0 20
23 6 0 20
23 7 0 20
23 8 0 20
23 9 0 20
23 10 0 20
23 11 1 19
23 12 0 21
23 13 0 20
23 14 0 21
23 15 0 20
23 16 0 20
23 17 0 20
23 18 0 20
23 19 11 11
23 20 12 8
23 21 10 12
23 22 9 11
24 0 1 88
24 1 0 20
24 2 1 19
24 3 1 19
24 4 0 20
24 5 0 20
24 6 1 19
24 7 0 22
24 8 0 20
24 9 0 20
24 10 0 20
24 11 0 20
24 12 1 19
24 13 0 20
24 14 1 20
24 15 1 19
24 16 0 20
24 17 0 20
24 18 0 20
24 19 6 14
24 20 8 12
24 21 13 7
24 22 10 10
24 23 11 10
25 0 0 79
25 1 3 18
25 2 2 20
25 3 12 8
25 4 0 20
25 5 1 19
25 6 7 13
25 7 1 19
25 8 1 21
25 9 17 3
25 10 0 20
25 11 0 20
25 12 11 10
25 13 2 19
25 14 20 0
25 15 20 0
25 16 0 20
25 17 1 19
25 18 14 6
25 19 20 0
25 20 20 0
25 21 20 0
25 22 20 0
25 23 20 0
25 24 20 0
26 0 0 96
26 1 0 21
26 2 0 21
26 3 1 19
26 4 0 20
26 5 0 20
26 6 0 20
26 7 1 20
26 8 0 22
26 9 7 13
26 10 0 20
26 11 0 20
26 12 3 17
26 13 0 20
26 14 15 5
26 15 17 3
26 16 0 20
26 17 0 20
26 18 2 18
26 19 20 0
26 20 20 0
26 21 21 0
26 22 20 0
26 23 20 0
26 24 20 0
26 25 1 19
27 0 0 80
27 1 0 20
27 2 0 21
27 3 1 20
27 4 0 20
27 5 0 20
27 6 3 18
27 7 0 22
27 8 0 20
27 9 0 20
27 10 0 20
27 11 1 19
27 12 0 20
27 13 0 20
27 14 9 12
27 15 20 0
27 16 0 20
27 17 0 20
27 18 2 19
27 19 20 0
27 20 20 0
27 21 20 0
27 22 21 0
27 23 18 2
27 24 20 0
27 25 0 20
27 26 6 14
28 0 3 94
28 1 12 8
28 2 15 7
28 3 20 0
28 4 0 21
28 5 9 11
28 6 13 7
28 7 6 14
28 8 9 11
28 9 20 0
28 10 0 20
28 11 7 13
28 12 19 1
28 13 8 12
28 14 20 0
28 15 21 0
28 16 10 10
28 17 13 7
28 18 19 1
28 19 20 0
28 20 20 0
28 21 21 0
28 22 20 0
28 23 20 0
28 24 20 0
28 25 20 0
28 26 19 1
28 27 20 0
29 0 1 96
29 1 3 17
29 2 17 4
29 3 16 4
29 4 0 20
29 5 5 15
29 6 9 11
29 7 1 19
29 8 3 18
29 9 20 0
29 10 0 21
29 11 4 16
29 12 15 5
29 13 4 16
29 14 20 0
29 15 20 0
29 16 5 15
29 17 13 8
29 18 16 5
29 19 20 0
29 20 20 0
29 21 21 0
29 22 20 0
29 23 22 0
29 24 20 0
29 25 17 3
29 26 21 0
29 27 20 0
29 28 1 19
30 0 0 94
30 1 0 21
30 2 5 15
30 3 15 5
30 4 0 20
30 5 1 19
30 6 5 15
30 7 3 17
30 8 1 20
30 9 17 3
30 10 0 22
30 11 0 20
30 12 8 13
30 13 1 20
30 14 22 0
30 15 20 0
30 16 1 19
30 17 1 20
30 18 12 8
30 19 20 0
30 20 20 0
30 21 20 0
30 22 20 0
30 23 20 0
30 24 19 1
30 25 10 10
30 26 17 3
30 27 19 1
30 28 2 19
30 29 1 19
