1 0 3 157
2 0 2 189
2 1 2 18
3 0 0 162
3 1 0 20
3 2 1 20
4 0 17 178
4 1 19 1
4 2 20 0
4 3 20 0
5 0 0 182
5 1 5 15
5 2 17 3
5 3 19 1
5 4 0 21
6 0 1 193
6 1 2 18
6 2 1 19
6 3 19 1
6 4 0 20
6 5 0 20
7 0 2 184
7 1 8 12
7 2 13 7
7 3 22 1
7 4 2 19
7 5 15 5
7 6 21 1
8 0 4 172
8 1 4 17
8 2 12 8
8 3 20 0
8 4 0 20
8 5 14 7
8 6 18 2
8 7 9 11
9 0 1 168
9 1 0 20
9 2 0 20
9 3 5 16
9 4 0 20
9 5 1 20
9 6 3 17
9 7 1 19
9 8 0 20
10 0 14 181
10 1 7 14
10 2 20 0
10 3 21 0
10 4 4 16
10 5 13 7
10 6 20 1
10 7 19 1
10 8 19 2
10 9 20 0
11 0 9 159
11 1 10 11
11 2 15 5
11 3 19 1
11 4 7 13
11 5 14 7
11 6 19 1
11 7 15 5
11 8 18 3
11 9 19 1
11 10 8 12
12 0 2 198
12 1 0 22
12 2 4 16
12 3 13 7
12 4 1 20
12 5 3 17
12 6 11 9
12 7 0 21
12 8 1 21
12 9 19 1
12 10 0 21
12 11 1 20
13 0 36 130
13 1 19 1
13 2 20 0
13 3 20 0
13 4 19 3
13 5 19 1
13 6 19 1
13 7 20 0
13 8 19 1
13 9 21 0
13 10 16 4
13 11 17 3
13 12 19 1
14 0 0 168
14 1 3 17
14 2 16 5
14 3 21 0
14 4 2 18
14 5 12 8
14 6 18 2
14 7 3 17
14 8 10 12
14 9 18 2
14 10 4 18
14 11 2 19
14 12 15 5
14 13 1 19
15 0 1 181
15 1 1 20
15 2 0 20
15 3 2 18
15 4 0 21
15 5 1 20
15 6 0 20
15 7 2 18
15 8 0 20
15 9 9 11
15 10 1 19
15 11 1 20
15 12 3 17
15 13 0 20
15 14 0 20
16 0 17 156
16 1 19 1
16 2 20 0
16 3 20 1
16 4 12 9
16 5 18 2
16 6 20 0
16 7 17 3
16 8 19 1
16 9 21 0
16 10 16 5
16 11 15 6
16 12 20 0
16 13 4 16
16 14 20 0
16 15 20 0
17 0 5 194
17 1 5 15
17 2 19 1
17 3 20 0
17 4 2 18
17 5 15 6
17 6 21 0
17 7 13 7
17 8 11 9
17 9 18 2
17 10 9 12
17 11 7 13
17 12 19 1
17 13 0 20
17 14 16 6
17 15 23 0
17 16 0 21
18 0 1 151
18 1 0 23
18 2 0 20
18 3 7 14
18 4 0 20
18 5 2 18
18 6 3 17
18 7 3 17
18 8 3 18
18 9 11 9
18 10 0 20
18 11 0 20
18 12 9 11
18 13 0 20
18 14 2 18
18 15 18 2
18 16 0 21
18 17 0 20
19 0 2 168
19 1 0 20
19 2 18 2
19 3 19 2
19 4 0 21
19 5 11 9
19 6 14 6
19 7 7 13
19 8 6 14
19 9 19 1
19 10 1 19
19 11 3 17
19 12 17 5
19 13 0 20
19 14 9 11
19 15 18 2
19 16 1 19
19 17 3 17
19 18 19 1
20 0 0 166
20 1 0 20
20 2 1 19
20 3 3 17
20 4 0 20
20 5 0 20
20 6 1 19
20 7 0 20
20 8 0 20
20 9 5 16
20 10 0 20
20 11 0 20
20 12 1 19
20 13 0 21
20 14 0 21
20 15 6 16
20 16 0 23
20 17 0 20
20 18 1 19
20 19 0 21
21 0 0 194
21 1 0 20
21 2 0 20
21 3 0 20
21 4 0 20
21 5 1 19
21 6 0 20
21 7 0 20
21 8 0 20
21 9 0 20
21 10 0 20
21 11 0 20
21 12 1 19
21 13 0 20
21 14 0 20
21 15 1 19
21 16 0 20
21 17 0 20
21 18 0 20
21 19 1 19
21 20 1 19
22 0 5 166
22 1 7 15
22 2 19 2
22 3 20 0
22 4 1 20
22 5 16 4
22 6 18 2
22 7 8 12
22 8 11 10
22 9 20 0
22 10 5 16
22 11 4 16
22 12 16 4
22 13 2 20
22 14 16 5
22 15 20 0
22 16 1 20
22 17 10 10
22 18 20 0
22 19 16 4
22 20 21 0
22 21 19 1
23 0 0 163
23 1 0 20
23 2 1 19
23 3 0 20
23 4 0 22
23 5 1 19
23 6 0 20
23 7 0 21
23 8 0 21
23 9 0 21
23 10 0 20
23 11 0 20
23 12 0 20
23 13 0 20
23 14 0 20
23 15 0 20
23 16 1 19
23 17 0 21
23 18 0 20
23 19 2 19
23 20 1 19
23 21 19 2
23 22 0 21
24 0 2 165
24 1 0 20
24 2 1 20
24 3 0 21
24 4 0 20
24 5 1 19
24 6 0 21
24 7 1 19
24 8 0 21
24 9 0 22
24 10 0 21
24 11 0 21
24 12 0 23
24 13 0 20
24 14 0 21
24 15 1 20
24 16 0 20
24 17 0 21
24 18 0 20
24 19 1 19
24 20 0 20
24 21 11 9
24 22 0 22
24 23 0 22
25 0 0 186
25 1 1 19
25 2 2 18
25 3 13 7
25 4 0 21
25 5 4 19
25 6 12 8
25 7 1 19
25 8 0 20
25 9 19 1
25 10 0 21
25 11 0 22
25 12 12 8
25 13 0 21
25 14 2 18
25 15 19 1
25 16 0 22
25 17 0 20
25 18 16 5
25 19 4 17
25 20 20 0
25 21 21 0
25 22 1 19
25 23 22 0
25 24 20 1
26 0 0 187
26 1 1 20
26 2 1 19
26 3 11 9
26 4 0 21
26 5 1 20
26 6 10 11
26 7 0 20
26 8 0 21
26 9 18 2
26 10 0 21
26 11 0 20
26 12 10 11
26 13 0 20
26 14 0 20
26 15 18 2
26 16 0 20
26 17 1 19
26 18 15 5
26 19 0 20
26 20 17 3
26 21 18 2
26 22 2 18
26 23 22 0
26 24 21 0
26 25 8 12
27 0 0 156
27 1 0 20
27 2 0 20
27 3 1 19
27 4 0 20
27 5 0 21
27 6 0 21
27 7 1 20
27 8 1 19
27 9 5 15
27 10 0 20
27 11 0 21
27 12 0 20
27 13 1 19
27 14 1 19
27 15 10 11
27 16 0 20
27 17 0 20
27 18 7 13
27 19 0 20
27 20 18 3
27 21 20 0
27 22 0 20
27 23 20 0
27 24 20 0
27 25 2 18
27 26 2 18
28 0 2 193
28 1 3 17
28 2 14 6
28 3 20 0
28 4 1 19
28 5 10 13
28 6 18 2
28 7 5 16
28 8 9 11
28 9 20 0
28 10 4 16
28 11 0 20
28 12 20 0
28 13 0 21
28 14 7 13
28 15 21 0
28 16 0 21
28 17 9 13
28 18 21 0
28 19 9 12
28 20 20 0
28 21 20 0
28 22 5 15
28 23 20 0
28 24 20 0
28 25 19 2
28 26 20 0
28 27 20 0
29 0 1 168
29 1 2 18
29 2 13 7
29 3 18 2
29 4 0 20
29 5 10 13
29 6 18 2
29 7 5 15
29 8 6 14
29 9 20 0
29 10 0 20
29 11 0 20
29 12 19 1
29 13 1 19
29 14 8 12
29 15 20 1
29 16 0 20
29 17 4 16
29 18 19 1
29 19 9 11
29 20 20 0
29 21 18 2
29 22 6 14
29 23 20 0
29 24 20 1
29 25 21 1
29 26 20 1
29 27 20 0
29 28 4 17
30 0 0 172
30 1 0 20
30 2 2 18
30 3 13 7
30 4 0 20
30 5 0 21
30 6 10 10
30 7 1 20
30 8 2 18
30 9 17 5
30 10 3 18
30 11 0 21
30 12 11 9
30 13 0 20
30 14 0 20
30 15 17 4
30 16 0 20
30 17 3 17
30 18 13 7
30 19 2 18
30 20 19 1
30 21 19 1
30 22 2 20
30 23 21 0
30 24 20 0
30 25 8 12
30 26 13 7
30 27 19 2
30 28 1 19
30 29 1 21
