1 0 8 84
2 0 1 86
2 1 2 19
3 0 0 89
3 1 1 19
3 2 0 20
4 0 22 55
4 1 18 2
4 2 22 0
4 3 21 0
5 0 3 93
5 1 7 13
5 2 17 3
5 3 20 0
5 4 3 17
6 0 0 94
6 1 0 20
6 2 3 17
6 3 19 1
6 4 0 20
6 5 0 20
7 0 0 70
7 1 2 19
7 2 3 17
7 3 16 4
7 4 0 20
7 5 1 19
7 6 4 16
8 0 1 103
8 1 1 19
8 2 3 17
8 3 15 5
8 4 1 19
8 5 3 17
8 6 10 10
8 7 10 11
9 0 1 91
9 1 0 20
9 2 1 19
9 3 9 11
9 4 0 20
9 5 1 20
9 6 2 19
9 7 5 15
9 8 6 14
10 0 5 85
10 1 10 10
10 2 17 3
10 3 21 0
10 4 2 18
10 5 12 9
10 6 20 0
10 7 19 1
10 8 21 0
10 9 20 0
11 0 5 86
11 1 10 10
11 2 18 2
11 3 21 0
11 4 3 18
11 5 13 8
11 6 20 0
11 7 19 1
11 8 19 1
11 9 20 0
11 10 12 10
12 0 1 92
12 1 3 17
12 2 14 7
12 3 21 0
12 4 2 18
12 5 6 15
12 6 16 4
12 7 19 1
12 8 19 1
12 9 19 1
12 10 2 19
12 11 3 17
13 0 0 74
13 1 4 16
13 2 6 14
13 3 19 1
13 4 1 19
13 5 7 15
13 6 15 6
13 7 20 1
13 8 19 2
13 9 18 2
13 10 1 19
13 11 3 20
13 12 8 12
14 0 0 87
14 1 0 20
14 2 3 19
14 3 15 5
14 4 0 20
14 5 0 21
14 6 6 14
14 7 10 10
14 8 10 10
14 9 15 5
14 10 0 21
14 11 1 19
14 12 2 18
14 13 2 18
15 0 1 85
15 1 0 21
15 2 0 22
15 3 4 17
15 4 0 20
15 5 0 20
15 6 0 20
15 7 0 20
15 8 1 19
15 9 2 18
15 10 0 20
15 11 1 19
15 12 0 20
15 13 0 20
15 14 3 17
16 0 12 74
16 1 14 7
16 2 19 1
16 3 20 0
16 4 2 20
16 5 14 7
16 6 20 1
16 7 20 0
16 8 20 0
16 9 22 0
16 10 12 8
16 11 15 5
16 12 19 2
16 13 19 1
16 14 20 0
16 15 20 0
17 0 2 79
17 1 5 15
17 2 8 12
17 3 19 1
17 4 0 20
17 5 7 13
17 6 15 5
17 7 18 2
17 8 19 1
17 9 19 1
17 10 5 15
17 11 4 16
17 12 12 9
17 13 15 5
17 14 20 0
17 15 20 0
17 16 2 19
18 0 0 84
18 1 0 20
18 2 2 18
18 3 15 5
18 4 0 20
18 5 0 21
18 6 5 17
18 7 8 13
18 8 14 7
18 9 14 6
18 10 1 19
18 11 0 20
18 12 4 17
18 13 7 13
18 14 9 13
18 15 19 1
18 16 0 20
18 17 2 18
19 0 0 74
19 1 0 22
19 2 0 20
19 3 0 20
19 4 0 20
19 5 0 20
19 6 0 20
19 7 1 19
19 8 0 21
19 9 0 20
19 10 0 20
19 11 0 20
19 12 0 20
19 13 0 20
19 14 0 22
19 15 1 19
19 16 0 20
19 17 0 20
19 18 0 20
20 0 0 79
20 1 0 20
20 2 1 19
20 3 1 19
20 4 0 20
20 5 0 20
20 6 2 18
20 7 0 20
20 8 0 20
20 9 0 20
20 10 0 21
20 11 0 20
20 12 1 19
20 13 0 20
20 14 1 19
20 15 12 8
20 16 0 20
20 17 0 20
20 18 0 20
20 19 21 0
21 0 0 97
21 1 0 20
21 2 0 20
21 3 1 19
21 4 0 21
21 5 0 20
21 6 1 21
21 7 0 21
21 8 0 20
21 9 0 20
21 10 1 19
21 11 0 20
21 12 0 20
21 13 0 20
21 14 0 20
21 15 0 21
21 16 0 20
21 17 0 21
21 18 0 20
21 19 9 11
21 20 1 19
22 0 0 89
22 1 1 19
22 2 3 17
22 3 12 8
22 4 0 20
22 5 2 18
22 6 7 13
22 7 14 6
22 8 12 8
22 9 14 6
22 10 0 20
22 11 0 20
22 12 0 21
22 13 5 15
22 14 9 11
22 15 19 1
22 16 0 20
22 17 1 19
22 18 7 13
22 19 20 0
22 20 20 0
22 21 20 0
23 0 0 87
23 1 0 23
23 2 0 20
23 3 0 21
23 4 0 20
23 5 0 20
23 6 0 21
23 7 0 20
23 8 0 20
23 9 0 22
23 10 0 20
23 11 0 20
23 12 0 20
23 13 1 19
23 14 0 20
23 15 1 19
23 16 0 20
23 17 0 20
23 18 1 19
23 19 8 12
23 20 0 21
23 21 5 15
23 22 0 20
24 0 0 86
24 1 0 20
24 2 0 21
24 3 0 20
24 4 0 20
24 5 0 20
24 6 0 20
24 7 1 19
24 8 1 19
24 9 0 20
24 10 0 22
24 11 0 20
24 12 0 20
24 13 0 21
24 14 0 21
24 15 1 19
24 16 0 20
24 17 0 20
24 18 1 19
24 19 10 11
24 20 0 21
24 21 8 12
24 22 0 20
24 23 12 8
25 0 0 76
25 1 15 6
25 2 15 5
25 3 19 1
25 4 1 20
25 5 15 5
25 6 17 3
25 7 22 0
25 8 21 0
25 9 20 0
25 10 6 14
25 11 10 10
25 12 16 4
25 13 20 4
25 14 21 0
25 15 21 0
25 16 6 14
25 17 16 4
25 18 21 1
25 19 20 0
25 20 20 0
25 21 20 0
25 22 20 1
25 23 20 0
25 24 20 0
26 0 3 76
26 1 1 20
26 2 6 14
26 3 21 0
26 4 0 20
26 5 6 14
26 6 12 10
26 7 19 1
26 8 19 2
26 9 20 1
26 10 1 21
26 11 2 18
26 12 7 13
26 13 15 5
26 14 16 4
26 15 18 2
26 16 2 18
26 17 6 14
26 18 15 5
26 19 20 0
26 20 20 0
26 21 20 0
26 22 16 4
26 23 20 0
26 24 20 0
26 25 3 18
27 0 1 102
27 1 0 20
27 2 1 19
27 3 17 4
27 4 1 19
27 5 0 20
27 6 1 19
27 7 10 11
27 8 9 12
27 9 16 5
27 10 0 21
27 11 0 20
27 12 0 21
27 13 5 15
27 14 9 11
27 15 16 4
27 16 1 19
27 17 0 20
27 18 8 12
27 19 18 2
27 20 18 2
27 21 19 1
27 22 6 14
27 23 20 0
27 24 20 0
27 25 1 19
27 26 2 18
28 0 11 77
28 1 15 6
28 2 20 0
28 3 20 0
28 4 3 17
28 5 16 5
28 6 20 0
28 7 19 1
28 8 20 0
28 9 20 0
28 10 18 2
28 11 17 4
28 12 18 3
28 13 17 3
28 14 20 0
28 15 20 0
28 16 12 8
28 17 19 3
28 18 21 0
28 19 20 0
28 20 21 0
28 21 20 0
28 22 19 1
28 23 20 0
28 24 22 0
28 25 16 4
28 26 19 1
28 27 20 0
29 0 4 83
29 1 6 14
29 2 15 5
29 3 21 0
29 4 1 20
29 5 4 16
29 6 18 2
29 7 19 1
29 8 18 2
29 9 20 0
29 10 2 18
29 11 6 14
29 12 13 7
29 13 18 3
29 14 20 0
29 15 20 0
29 16 0 21
29 17 13 7
29 18 18 2
29 19 20 0
29 20 20 0
29 21 21 0
29 22 19 1
29 23 21 0
29 24 22 0
29 25 6 14
29 26 20 0
29 27 21 0
29 28 2 18
30 0 0 80
30 1 0 20
30 2 6 14
30 3 20 0
30 4 0 20
30 5 2 18
30 6 9 11
30 7 14 6
30 8 15 5
30 9 18 2
30 10 1 19
30 11 1 19
30 12 1 19
30 13 11 9
30 14 20 1
30 15 20 0
30 16 0 20
30 17 0 20
30 18 14 6
30 19 19 1
30 20 19 1
30 21 20 0
30 22 15 5
30 23 20 0
30 24 21 0
30 25 2 18
30 26 8 12
30 27 20 0
30 28 0 20
30 29 3 19
