1 0 12 117
2 0 4 121
2 1 4 16
3 0 2 146
3 1 1 19
3 2 1 19
4 0 24 91
4 1 15 5
4 2 19 1
4 3 19 1
5 0 5 121
5 1 6 14
5 2 13 7
5 3 18 2
5 4 1 19
6 0 3 124
6 1 0 20
6 2 4 16
6 3 12 9
6 4 2 18
6 5 1 20
7 0 8 111
7 1 10 10
7 2 17 3
7 3 21 0
7 4 3 17
7 5 13 7
7 6 18 2
8 0 6 107
8 1 11 9
8 2 18 3
8 3 19 2
8 4 2 18
8 5 14 7
8 6 15 5
8 7 6 14
9 0 2 123
9 1 3 17
9 2 13 7
9 3 19 1
9 4 1 19
9 5 8 12
9 6 11 10
9 7 1 19
9 8 4 17
10 0 19 90
10 1 12 8
10 2 21 0
10 3 20 0
10 4 7 15
10 5 15 6
10 6 17 3
10 7 14 6
10 8 15 5
10 9 19 1
11 0 11 111
11 1 13 7
11 2 17 3
11 3 19 1
11 4 5 15
11 5 19 3
11 6 18 2
11 7 13 7
11 8 12 9
11 9 19 1
11 10 6 14
12 0 11 98
12 1 6 14
12 2 12 9
12 3 17 4
12 4 1 20
12 5 7 14
12 6 17 4
12 7 2 19
12 8 4 17
12 9 9 11
12 10 2 18
12 11 3 17
13 0 30 77
13 1 17 3
13 2 18 2
13 3 20 0
13 4 11 10
13 5 19 1
13 6 21 0
13 7 18 2
13 8 18 2
13 9 14 6
13 10 18 3
13 11 14 6
13 12 17 3
14 0 4 115
14 1 2 18
14 2 17 4
14 3 19 1
14 4 2 18
14 5 6 14
14 6 19 1
14 7 4 16
14 8 2 18
14 9 15 5
14 10 1 19
14 11 2 18
14 12 12 8
14 13 2 18
15 0 2 145
15 1 0 20
15 2 0 20
15 3 0 21
15 4 0 20
15 5 0 20
15 6 2 20
15 7 0 20
15 8 0 20
15 9 5 15
15 10 0 22
15 11 0 20
15 12 1 19
15 13 0 21
15 14 0 20
16 0 22 102
16 1 15 5
16 2 18 2
16 3 20 1
16 4 6 14
16 5 17 3
16 6 20 0
16 7 13 7
16 8 11 11
16 9 21 0
16 10 18 2
16 11 11 11
16 12 20 1
16 13 7 13
16 14 17 3
16 15 20 0
17 0 6 122
17 1 2 18
17 2 16 5
17 3 19 1
17 4 2 18
17 5 10 10
17 6 19 1
17 7 7 14
17 8 5 15
17 9 15 5
17 10 3 17
17 11 4 16
17 12 14 6
17 13 0 20
17 14 15 5
17 15 20 1
17 16 3 17
18 0 0 136
18 1 0 20
18 2 2 18
18 3 6 14
18 4 1 19
18 5 1 19
18 6 1 19
18 7 1 20
18 8 0 20
18 9 3 17
18 10 0 21
18 11 0 20
18 12 5 15
18 13 0 21
18 14 1 20
18 15 17 4
18 16 1 20
18 17 0 20
19 0 3 113
19 1 2 20
19 2 10 10
19 3 17 4
19 4 0 20
19 5 5 16
19 6 12 8
19 7 2 18
19 8 2 18
19 9 11 9
19 10 2 19
19 11 2 18
19 12 6 14
19 13 0 21
19 14 5 15
19 15 18 2
19 16 0 22
19 17 5 15
19 18 17 3
20 0 3 123
20 1 1 20
20 2 7 13
20 3 12 8
20 4 0 21
20 5 0 20
20 6 15 5
20 7 2 18
20 8 1 20
20 9 6 14
20 10 0 20
20 11 0 21
20 12 4 16
20 13 0 20
20 14 3 18
20 15 19 2
20 16 1 20
20 17 2 19
20 18 16 4
20 19 4 16
21 0 0 118
21 1 1 19
21 2 1 19
21 3 3 18
21 4 0 20
21 5 0 20
21 6 2 18
21 7 0 21
21 8 0 22
21 9 0 20
21 10 0 20
21 11 0 20
21 12 0 20
21 13 1 19
21 14 0 21
21 15 9 11
21 16 2 18
21 17 0 21
21 18 3 18
21 19 0 20
21 20 1 20
22 0 7 114
22 1 1 19
22 2 7 14
22 3 14 6
22 4 1 19
22 5 7 13
22 6 12 8
22 7 4 16
22 8 3 17
22 9 11 9
22 10 2 18
22 11 5 16
22 12 9 11
22 13 1 19
22 14 7 14
22 15 18 2
22 16 1 19
22 17 8 12
22 18 18 2
22 19 13 8
22 20 18 2
22 21 20 0
23 0 1 126
23 1 0 22
23 2 6 14
23 3 13 7
23 4 0 20
23 5 1 19
23 6 13 9
23 7 0 20
23 8 2 18
23 9 6 14
23 10 0 21
23 11 1 20
23 12 2 19
23 13 2 19
23 14 0 20
23 15 19 1
23 16 0 20
23 17 1 19
23 18 16 4
23 19 6 14
23 20 10 11
23 21 19 1
23 22 5 16
24 0 1 127
24 1 0 20
24 2 0 20
24 3 2 18
24 4 0 20
24 5 0 20
24 6 2 18
24 7 1 20
24 8 1 19
24 9 0 20
24 10 0 20
24 11 0 20
24 12 0 21
24 13 1 19
24 14 0 20
24 15 4 16
24 16 0 20
24 17 1 19
24 18 5 17
24 19 1 20
24 20 0 20
24 21 5 15
24 22 1 19
24 23 1 19
25 0 1 137
25 1 0 20
25 2 5 16
25 3 11 11
25 4 0 20
25 5 1 19
25 6 7 13
25 7 1 19
25 8 1 20
25 9 1 19
25 10 0 21
25 11 0 20
25 12 1 20
25 13 0 22
25 14 3 17
25 15 10 10
25 16 0 20
25 17 2 18
25 18 6 14
25 19 4 16
25 20 3 18
25 21 17 4
25 22 4 17
25 23 4 16
25 24 18 3
26 0 1 124
26 1 2 18
26 2 4 16
26 3 11 9
26 4 2 18
26 5 3 18
26 6 8 12
26 7 2 18
26 8 1 19
26 9 6 14
26 10 2 18
26 11 0 20
26 12 2 18
26 13 1 19
26 14 4 16
26 15 19 4
26 16 0 22
26 17 3 18
26 18 16 4
26 19 6 14
26 20 10 11
26 21 19 1
26 22 6 15
26 23 14 6
26 24 19 1
26 25 19 1
27 0 0 111
27 1 1 19
27 2 0 20
27 3 3 17
27 4 0 21
27 5 0 21
27 6 0 20
27 7 1 19
27 8 2 19
27 9 2 18
27 10 0 20
27 11 0 21
27 12 1 19
27 13 0 20
27 14 1 19
27 15 8 12
27 16 0 21
27 17 0 23
27 18 3 17
27 19 0 21
27 20 0 20
27 21 10 10
27 22 0 21
27 23 1 19
27 24 8 12
27 25 2 18
27 26 1 20
28 0 6 104
28 1 7 13
28 2 13 7
28 3 16 4
28 4 2 18
28 5 12 10
28 6 15 5
28 7 7 13
28 8 4 16
28 9 15 6
28 10 3 17
28 11 5 15
28 12 17 3
28 13 2 18
28 14 10 10
28 15 20 0
28 16 6 14
28 17 11 9
28 18 20 0
28 19 15 6
28 20 18 2
28 21 19 1
28 22 15 5
28 23 20 0
28 24 19 1
28 25 20 0
28 26 19 1
28 27 20 1
29 0 4 142
29 1 2 18
29 2 12 8
29 3 15 6
29 4 0 20
29 5 8 13
29 6 17 3
29 7 1 19
29 8 1 19
29 9 12 8
29 10 0 20
29 11 1 19
29 12 9 12
29 13 0 21
29 14 10 10
29 15 20 0
29 16 1 19
29 17 5 15
29 18 18 2
29 19 13 7
29 20 16 4
29 21 20 0
29 22 14 6
29 23 14 6
29 24 19 1
29 25 20 0
29 26 16 4
29 27 21 0
29 28 3 17
30 0 3 140
30 1 1 19
30 2 0 20
30 3 2 19
30 4 0 20
30 5 0 21
30 6 0 20
30 7 0 21
30 8 0 21
30 9 0 20
30 10 0 20
30 11 0 20
30 12 0 20
30 13 0 20
30 14 0 21
30 15 7 14
30 16 0 20
30 17 1 20
30 18 3 18
30 19 0 20
30 20 0 20
30 21 6 14
30 22 0 20
30 23 2 19
30 24 14 7
30 25 2 18
30 26 0 20
30 27 13 7
30 28 0 20
30 29 0 20
