1 0 2 87
2 0 0 81
2 1 1 19
3 0 0 89
3 1 1 19
3 2 1 20
4 0 15 73
4 1 17 3
4 2 20 0
4 3 20 0
5 0 1 94
5 1 2 18
5 2 17 3
5 3 20 1
5 4 2 18
6 0 0 107
6 1 2 19
6 2 1 19
6 3 17 4
6 4 0 20
6 5 3 18
7 0 3 93
7 1 2 18
7 2 12 8
7 3 13 7
7 4 2 18
7 5 6 14
7 6 16 5
8 0 3 73
8 1 4 16
8 2 5 15
8 3 14 6
8 4 2 18
8 5 6 14
8 6 15 5
8 7 11 9
9 0 1 77
9 1 0 20
9 2 1 19
9 3 5 15
9 4 2 19
9 5 1 19
9 6 1 19
9 7 0 20
9 8 0 20
10 0 9 79
10 1 8 12
10 2 17 3
10 3 19 1
10 4 2 18
10 5 15 5
10 6 20 0
10 7 16 4
10 8 19 1
10 9 20 0
11 0 7 60
11 1 13 7
11 2 17 3
11 3 20 0
11 4 3 17
11 5 13 7
11 6 20 0
11 7 16 5
11 8 20 0
11 9 20 0
11 10 6 14
12 0 1 92
12 1 1 19
12 2 2 18
12 3 9 11
12 4 0 20
12 5 3 18
12 6 9 11
12 7 1 19
12 8 3 17
12 9 20 0
12 10 0 20
12 11 0 22
13 0 1 78
13 1 0 20
13 2 0 20
13 3 1 19
13 4 0 21
13 5 1 20
13 6 2 19
13 7 1 19
13 8 0 20
13 9 3 18
13 10 0 20
13 11 0 20
13 12 0 20
14 0 1 77
14 1 1 19
14 2 8 12
14 3 18 2
14 4 1 19
14 5 4 17
14 6 17 3
14 7 10 10
14 8 13 7
14 9 20 1
14 10 2 18
14 11 0 21
14 12 15 5
14 13 19 2
15 0 0 85
15 1 0 20
15 2 0 20
15 3 1 20
15 4 1 19
15 5 1 19
15 6 0 21
15 7 2 19
15 8 1 19
15 9 13 7
15 10 1 19
15 11 1 19
15 12 6 14
15 13 18 2
15 14 0 20
16 0 11 81
16 1 18 2
16 2 20 0
16 3 19 1
16 4 5 15
16 5 18 2
16 6 19 1
16 7 17 4
16 8 20 1
16 9 20 0
16 10 13 7
16 11 16 4
16 12 19 1
16 13 20 1
16 14 20 0
16 15 20 0
17 0 1 88
17 1 2 19
17 2 19 2
17 3 20 0
17 4 2 18
17 5 10 10
17 6 19 1
17 7 12 8
17 8 17 3
17 9 19 1
17 10 9 12
17 11 7 13
17 12 19 2
17 13 20 0
17 14 17 3
17 15 20 0
17 16 5 15
18 0 2 95
18 1 0 20
18 2 0 21
18 3 4 16
18 4 0 20
18 5 1 19
18 6 3 17
18 7 1 20
18 8 2 19
18 9 16 4
18 10 0 20
18 11 1 20
18 12 4 16
18 13 15 6
18 14 1 19
18 15 20 0
18 16 0 20
18 17 0 20
19 0 2 77
19 1 6 14
19 2 20 0
19 3 20 1
19 4 0 22
19 5 10 10
19 6 17 3
19 7 12 8
19 8 14 6
19 9 20 0
19 10 4 16
19 11 5 16
19 12 17 3
19 13 20 0
19 14 16 4
19 15 19 1
19 16 2 18
19 17 13 7
19 18 19 1
20 0 0 101
20 1 0 21
20 2 0 20
20 3 4 17
20 4 0 20
20 5 0 21
20 6 2 18
20 7 0 20
20 8 0 20
20 9 6 14
20 10 0 20
20 11 0 21
20 12 1 19
20 13 14 7
20 14 0 20
20 15 6 15
20 16 0 21
20 17 0 20
20 18 3 18
20 19 1 20
21 0 0 82
21 1 0 20
21 2 1 19
21 3 0 20
21 4 0 21
21 5 0 21
21 6 0 21
21 7 0 23
21 8 0 20
21 9 0 20
21 10 0 21
21 11 0 20
21 12 1 23
21 13 0 21
21 14 0 20
21 15 0 20
21 16 0 20
21 17 0 20
21 18 0 20
21 19 0 20
21 20 0 20
22 0 1 87
22 1 0 21
22 2 4 17
22 3 0 20
22 4 0 20
22 5 0 20
22 6 0 20
22 7 0 20
22 8 0 20
22 9 0 20
22 10 0 21
22 11 0 21
22 12 0 20
22 13 1 19
22 14 0 20
22 15 1 20
22 16 0 20
22 17 0 20
22 18 0 20
22 19 0 20
22 20 0 20
22 21 20 0
23 0 0 73
23 1 0 20
23 2 0 20
23 3 0 21
23 4 0 20
23 5 0 21
23 6 1 19
23 7 0 20
23 8 0 20
23 9 0 20
23 10 0 20
23 11 0 20
23 12 0 20
23 13 0 20
23 14 0 20
23 15 0 20
23 16 0 20
23 17 0 20
23 18 0 20
23 19 0 21
23 20 1 19
23 21 18 2
23 22 1 19
24 0 0 89
24 1 0 20
24 2 0 21
24 3 0 20
24 4 0 20
24 5 0 20
24 6 0 20
24 7 0 22
24 8 0 20
24 9 0 20
24 10 1 19
24 11 0 20
24 12 0 20
24 13 1 20
24 14 0 20
24 15 0 21
24 16 0 20
24 17 0 21
24 18 2 18
24 19 1 20
24 20 0 20
24 21 10 10
24 22 0 21
24 23 6 14
25 0 1 91
25 1 3 17
25 2 6 14
25 3 15 7
25 4 0 20
25 5 2 18
25 6 9 12
25 7 2 18
25 8 3 19
25 9 18 2
25 10 2 18
25 11 2 18
25 12 16 4
25 13 20 0
25 14 7 13
25 15 17 3
25 16 0 20
25 17 5 15
25 18 17 4
25 19 4 16
25 20 20 0
25 21 20 0
25 22 21 0
25 23 20 0
25 24 21 0
26 0 0 89
26 1 0 20
26 2 6 14
26 3 14 6
26 4 1 20
26 5 1 19
26 6 7 13
26 7 3 18
26 8 4 16
26 9 20 0
26 10 1 19
26 11 1 20
26 12 15 5
26 13 20 0
26 14 8 13
26 15 17 5
26 16 0 20
26 17 1 19
26 18 15 6
26 19 0 20
26 20 20 0
26 21 20 0
26 22 20 0
26 23 21 0
26 24 21 0
26 25 11 9
27 0 0 79
27 1 0 20
27 2 0 20
27 3 5 15
27 4 0 20
27 5 0 20
27 6 1 19
27 7 0 21
27 8 3 17
27 9 11 9
27 10 0 20
27 11 0 20
27 12 2 18
27 13 18 2
27 14 0 20
27 15 8 12
27 16 0 20
27 17 2 18
27 18 4 16
27 19 1 19
27 20 13 7
27 21 21 0
27 22 20 0
27 23 21 0
27 24 19 1
27 25 0 20
27 26 1 19
28 0 4 83
28 1 8 12
28 2 11 10
28 3 19 1
28 4 0 20
28 5 12 8
28 6 19 1
28 7 16 4
28 8 13 7
28 9 20 0
28 10 7 13
28 11 5 15
28 12 19 1
28 13 22 0
28 14 15 5
28 15 19 1
28 16 2 19
28 17 15 6
28 18 18 2
28 19 10 11
28 20 20 0
28 21 20 0
28 22 20 0
28 23 21 0
28 24 20 1
28 25 20 0
28 26 18 3
28 27 19 1
29 0 4 75
29 1 2 18
29 2 14 6
29 3 19 1
29 4 3 17
29 5 13 7
29 6 20 0
29 7 17 4
29 8 15 5
29 9 21 0
29 10 8 12
29 11 6 15
29 12 20 0
29 13 20 0
29 14 18 2
29 15 20 0
29 16 1 20
29 17 12 9
29 18 19 1
29 19 13 7
29 20 19 1
29 21 21 0
29 22 21 0
29 23 22 0
29 24 20 0
29 25 19 1
29 26 18 2
29 27 20 0
29 28 13 7
30 0 0 80
30 1 0 20
30 2 2 18
30 3 17 4
30 4 0 20
30 5 2 18
30 6 10 10
30 7 4 17
30 8 4 17
30 9 19 2
30 10 3 17
30 11 0 20
30 12 14 6
30 13 20 0
30 14 7 13
30 15 20 1
30 16 0 20
30 17 2 18
30 18 17 3
30 19 1 19
30 20 20 0
30 21 20 0
30 22 20 0
30 23 20 0
30 24 21 0
30 25 5 15
30 26 10 11
30 27 18 2
30 28 2 19
30 29 1 19
