1 0 9 101
2 0 3 128
2 1 4 16
3 0 1 108
3 1 0 20
3 2 0 20
4 0 15 103
4 1 14 6
4 2 17 3
4 3 20 0
5 0 5 110
5 1 7 13
5 2 14 6
5 3 18 2
5 4 4 17
6 0 4 134
6 1 3 17
6 2 5 15
6 3 16 4
6 4 0 21
6 5 1 19
7 0 17 120
7 1 10 10
7 2 17 3
7 3 19 1
7 4 6 15
7 5 11 9
7 6 17 3
8 0 10 109
8 1 9 11
8 2 11 9
8 3 16 4
8 4 9 11
8 5 12 8
8 6 16 5
8 7 10 10
9 0 4 108
9 1 0 21
9 2 6 14
9 3 10 10
9 4 3 17
9 5 2 19
9 6 6 15
9 7 1 19
9 8 2 18
10 0 16 104
10 1 6 14
10 2 16 4
10 3 20 0
10 4 5 15
10 5 15 5
10 6 19 1
10 7 14 7
10 8 16 4
10 9 19 1
11 0 16 117
11 1 9 11
11 2 19 1
11 3 17 3
11 4 6 14
11 5 14 6
11 6 16 4
11 7 16 5
11 8 13 7
11 9 19 1
11 10 11 9
12 0 1 113
12 1 0 20
12 2 4 16
12 3 13 8
12 4 1 19
12 5 3 17
12 6 9 11
12 7 2 18
12 8 1 19
12 9 12 8
12 10 4 16
12 11 0 20
13 0 16 94
13 1 17 3
13 2 16 5
13 3 20 0
13 4 11 9
13 5 13 7
13 6 18 2
13 7 14 6
13 8 15 5
13 9 19 2
13 10 11 9
13 11 15 7
13 12 19 1
14 0 5 130
14 1 3 18
14 2 6 15
14 3 20 1
14 4 2 18
14 5 6 15
14 6 13 7
14 7 6 14
14 8 7 13
14 9 13 8
14 10 6 14
14 11 6 14
14 12 16 4
14 13 1 19
15 0 1 128
15 1 0 21
15 2 0 21
15 3 0 20
15 4 0 20
15 5 1 19
15 6 1 20
15 7 1 19
15 8 0 20
15 9 6 14
15 10 1 19
15 11 0 22
15 12 4 16
15 13 0 20
15 14 1 19
16 0 34 105
16 1 10 10
16 2 20 1
16 3 20 0
16 4 11 10
16 5 18 2
16 6 18 2
16 7 19 2
16 8 18 3
16 9 20 1
16 10 15 5
16 11 16 4
16 12 17 3
16 13 11 9
16 14 19 1
16 15 19 1
17 0 8 120
17 1 4 16
17 2 14 6
17 3 19 1
17 4 2 18
17 5 10 10
17 6 17 3
17 7 14 6
17 8 13 9
17 9 14 6
17 10 9 12
17 11 6 14
17 12 18 2
17 13 5 15
17 14 18 2
17 15 20 0
17 16 5 15
18 0 1 133
18 1 0 20
18 2 0 21
18 3 8 12
18 4 0 22
18 5 0 20
18 6 1 19
18 7 5 16
18 8 1 20
18 9 6 14
18 10 1 19
18 11 2 19
18 12 6 15
18 13 2 20
18 14 3 17
18 15 16 4
18 16 0 20
18 17 0 20
19 0 0 122
19 1 0 20
19 2 0 20
19 3 1 19
19 4 0 21
19 5 0 20
19 6 1 19
19 7 0 20
19 8 0 22
19 9 0 21
19 10 0 20
19 11 0 20
19 12 1 20
19 13 0 20
19 14 1 19
19 15 1 19
19 16 1 19
19 17 0 20
19 18 0 20
20 0 0 105
20 1 0 22
20 2 1 19
20 3 0 22
20 4 0 20
20 5 0 20
20 6 0 20
20 7 0 20
20 8 0 22
20 9 0 20
20 10 0 20
20 11 0 20
20 12 0 20
20 13 0 20
20 14 0 20
20 15 0 20
20 16 0 20
20 17 0 20
20 18 0 20
20 19 10 11
21 0 0 126
21 1 0 21
21 2 2 19
21 3 0 20
21 4 1 20
21 5 0 20
21 6 1 20
21 7 0 21
21 8 0 20
21 9 0 20
21 10 0 21
21 11 0 20
21 12 0 20
21 13 0 20
21 14 0 21
21 15 0 21
21 16 0 20
21 17 0 21
21 18 0 22
21 19 9 11
21 20 9 12
22 0 0 127
22 1 0 20
22 2 0 21
22 3 2 18
22 4 0 20
22 5 0 20
22 6 0 20
22 7 0 21
22 8 1 19
22 9 0 20
22 10 0 20
22 11 0 22
22 12 0 20
22 13 0 21
22 14 0 20
22 15 0 20
22 16 0 20
22 17 0 21
22 18 0 20
22 19 7 13
22 20 12 8
22 21 10 10
23 0 1 115
23 1 0 20
23 2 0 21
23 3 0 20
23 4 0 20
23 5 0 20
23 6 0 21
23 7 0 20
23 8 0 21
23 9 0 20
23 10 0 20
23 11 0 20
23 12 0 20
23 13 0 20
23 14 0 20
23 15 0 20
23 16 0 21
23 17 0 20
23 18 1 19
23 19 6 14
23 20 11 9
23 21 11 9
23 22 14 6
24 0 2 107
24 1 0 20
24 2 1 19
24 3 1 19
24 4 0 20
24 5 0 21
24 6 0 20
24 7 0 20
24 8 0 21
24 9 0 20
24 10 0 21
24 11 0 20
24 12 0 20
24 13 0 22
24 14 1 20
24 15 0 20
24 16 1 19
24 17 0 21
24 18 1 19
24 19 14 6
24 20 7 14
24 21 13 7
24 22 12 8
24 23 8 12
25 0 0 119
25 1 3 17
25 2 8 14
25 3 17 4
25 4 0 21
25 5 7 13
25 6 14 7
25 7 3 17
25 8 3 18
25 9 16 4
25 10 3 18
25 11 5 15
25 12 12 8
25 13 1 19
25 14 9 12
25 15 17 3
25 16 2 18
25 17 3 17
25 18 17 3
25 19 20 0
25 20 20 0
25 21 21 0
25 22 19 1
25 23 21 0
25 24 20 0
26 0 2 139
26 1 2 18
26 2 3 17
26 3 10 10
26 4 1 19
26 5 2 19
26 6 7 13
26 7 0 21
26 8 4 17
26 9 9 11
26 10 2 18
26 11 2 18
26 12 10 10
26 13 1 19
26 14 7 14
26 15 14 6
26 16 1 19
26 17 2 18
26 18 10 10
26 19 20 1
26 20 19 1
26 21 21 0
26 22 20 0
26 23 20 0
26 24 19 1
26 25 6 14
27 0 0 112
27 1 0 20
27 2 0 21
27 3 6 14
27 4 0 20
27 5 1 19
27 6 3 18
27 7 1 19
27 8 2 18
27 9 0 20
27 10 1 20
27 11 0 21
27 12 4 16
27 13 1 19
27 14 0 20
27 15 12 8
27 16 0 20
27 17 0 21
27 18 7 13
27 19 20 0
27 20 19 1
27 21 20 0
27 22 20 0
27 23 21 0
27 24 20 0
27 25 1 19
27 26 1 19
28 0 3 123
28 1 4 16
28 2 14 6
28 3 20 0
28 4 4 17
28 5 9 11
28 6 18 2
28 7 12 8
28 8 16 4
28 9 19 2
28 10 2 18
28 11 5 15
28 12 19 2
28 13 3 18
28 14 16 5
28 15 20 0
28 16 4 16
28 17 4 16
28 18 17 4
28 19 20 1
28 20 20 0
28 21 21 0
28 22 19 1
28 23 20 0
28 24 20 0
28 25 19 1
28 26 21 0
28 27 20 0
29 0 9 119
29 1 5 15
29 2 15 5
29 3 19 1
29 4 1 19
29 5 9 12
29 6 17 3
29 7 9 11
29 8 7 14
29 9 15 5
29 10 3 17
29 11 6 14
29 12 15 5
29 13 1 20
29 14 15 5
29 15 21 0
29 16 2 19
29 17 9 11
29 18 18 2
29 19 20 0
29 20 20 0
29 21 20 0
29 22 20 0
29 23 20 0
29 24 21 0
29 25 15 5
29 26 19 1
29 27 20 0
29 28 8 13
30 0 1 133
30 1 0 20
30 2 3 17
30 3 17 4
30 4 1 19
30 5 4 16
30 6 15 6
30 7 5 15
30 8 5 15
30 9 15 7
30 10 5 15
30 11 2 18
30 12 9 11
30 13 1 19
30 14 7 13
30 15 19 2
30 16 0 20
30 17 1 19
30 18 16 4
30 19 21 0
30 20 20 0
30 21 20 0
30 22 20 0
30 23 20 0
30 24 20 0
30 25 6 14
30 26 11 9
30 27 20 0
30 28 2 18
30 29 4 16
