1 0 11 171
2 0 3 163
2 1 3 17
3 0 3 187
3 1 1 20
3 2 0 20
4 0 37 151
4 1 15 5
4 2 20 0
4 3 21 0
5 0 14 172
5 1 6 15
5 2 17 3
5 3 19 1
5 4 4 16
6 0 0 197
6 1 2 18
6 2 5 15
6 3 16 4
6 4 0 20
6 5 1 19
7 0 10 169
7 1 6 14
7 2 13 7
7 3 18 2
7 4 4 16
7 5 4 16
7 6 13 7
8 0 6 164
8 1 3 18
8 2 7 13
8 3 16 4
8 4 0 20
8 5 8 13
8 6 16 4
8 7 7 14
9 0 3 181
9 1 1 19
9 2 1 21
9 3 9 11
9 4 0 20
9 5 0 20
9 6 4 16
9 7 2 18
9 8 0 20
10 0 11 158
10 1 9 12
10 2 17 3
10 3 19 1
10 4 6 14
10 5 15 7
10 6 17 3
10 7 18 2
10 8 18 2
10 9 19 1
11 0 12 177
11 1 10 10
11 2 15 7
11 3 20 0
11 4 3 17
11 5 12 8
11 6 20 2
11 7 15 5
11 8 16 4
11 9 22 0
11 10 6 14
12 0 3 203
12 1 1 20
12 2 2 19
12 3 12 9
12 4 0 20
12 5 2 20
12 6 9 13
12 7 2 19
12 8 1 19
12 9 18 2
12 10 0 21
12 11 1 19
13 0 2 160
13 1 0 21
13 2 0 20
13 3 2 20
13 4 0 21
13 5 0 20
13 6 1 19
13 7 0 21
13 8 1 20
13 9 2 18
13 10 0 20
13 11 0 21
13 12 2 18
14 0 2 175
14 1 9 14
14 2 16 5
14 3 22 0
14 4 5 15
14 5 4 17
14 6 18 3
14 7 10 10
14 8 13 7
14 9 20 0
14 10 7 13
14 11 12 11
14 12 18 3
14 13 20 0
15 0 1 171
15 1 1 19
15 2 2 20
15 3 1 19
15 4 1 19
15 5 0 20
15 6 0 21
15 7 2 19
15 8 2 18
15 9 12 8
15 10 1 19
15 11 2 18
15 12 8 12
15 13 17 3
15 14 0 20
16 0 38 156
16 1 18 2
16 2 17 3
16 3 18 2
16 4 7 13
16 5 17 3
16 6 20 1
16 7 18 2
16 8 17 3
16 9 20 0
16 10 20 2
16 11 16 4
16 12 21 1
16 13 20 0
16 14 18 3
16 15 21 0
17 0 9 165
17 1 8 12
17 2 19 2
17 3 22 0
17 4 1 19
17 5 10 10
17 6 19 1
17 7 15 6
17 8 12 8
17 9 21 0
17 10 5 16
17 11 12 9
17 12 18 2
17 13 19 1
17 14 13 7
17 15 20 0
17 16 1 20
18 0 1 171
18 1 1 19
18 2 0 20
18 3 1 19
18 4 1 20
18 5 0 20
18 6 0 20
18 7 0 20
18 8 1 19
18 9 1 20
18 10 0 21
18 11 0 20
18 12 1 20
18 13 8 12
18 14 0 21
18 15 0 20
18 16 0 21
18 17 0 22
19 0 1 202
19 1 0 20
19 2 0 20
19 3 0 21
19 4 0 20
19 5 0 22
19 6 0 20
19 7 0 20
19 8 0 20
19 9 0 20
19 10 0 20
19 11 0 21
19 12 0 20
19 13 1 19
19 14 0 20
19 15 0 20
19 16 0 20
19 17 0 22
19 18 0 20
20 0 0 194
20 1 0 20
20 2 1 19
20 3 0 20
20 4 0 20
20 5 0 22
20 6 0 20
20 7 0 20
20 8 0 20
20 9 0 20
20 10 0 20
20 11 0 20
20 12 0 20
20 13 0 20
20 14 0 22
20 15 0 22
20 16 0 20
20 17 0 20
20 18 1 19
20 19 4 16
21 0 1 157
21 1 0 21
21 2 2 18
21 3 0 21
21 4 0 20
21 5 0 20
21 6 0 20
21 7 0 20
21 8 1 21
21 9 1 19
21 10 0 20
21 11 0 20
21 12 0 20
21 13 1 19
21 14 0 20
21 15 0 21
21 16 0 20
21 17 0 21
21 18 1 19
21 19 2 18
21 20 13 8
22 0 0 175
22 1 0 20
22 2 1 20
22 3 0 21
22 4 0 20
22 5 1 19
22 6 0 20
22 7 0 20
22 8 0 21
22 9 0 21
22 10 1 19
22 11 0 20
22 12 0 20
22 13 0 20
22 14 0 20
22 15 0 20
22 16 1 19
22 17 1 20
22 18 0 20
22 19 1 19
22 20 9 11
22 21 8 15
23 0 0 180
23 1 1 19
23 2 0 21
23 3 1 19
23 4 1 22
23 5 0 20
23 6 0 21
23 7 0 20
23 8 0 20
23 9 0 20
23 10 0 20
23 11 0 21
23 12 0 21
23 13 0 22
23 14 1 19
23 15 0 20
23 16 0 20
23 17 0 20
23 18 1 19
23 19 2 19
23 20 7 13
23 21 8 12
23 22 13 7
24 0 0 170
24 1 0 20
24 2 0 20
24 3 0 20
24 4 0 20
24 5 0 20
24 6 1 19
24 7 0 20
24 8 0 20
24 9 1 19
24 10 0 20
24 11 1 19
24 12 0 21
24 13 0 21
24 14 0 20
24 15 0 20
24 16 1 19
24 17 0 20
24 18 0 20
24 19 1 19
24 20 9 11
24 21 8 13
24 22 11 11
24 23 11 9
25 0 4 165
25 1 3 17
25 2 8 13
25 3 17 4
25 4 1 19
25 5 4 16
25 6 12 8
25 7 10 10
25 8 6 14
25 9 20 1
25 10 3 19
25 11 2 18
25 12 14 7
25 13 20 1
25 14 2 18
25 15 17 3
25 16 1 19
25 17 6 14
25 18 20 0
25 19 19 1
25 20 20 1
25 21 20 0
25 22 20 1
25 23 20 0
25 24 20 0
26 0 0 186
26 1 1 19
26 2 2 19
26 3 4 17
26 4 0 20
26 5 0 20
26 6 2 19
26 7 0 21
26 8 0 20
26 9 10 10
26 10 1 19
26 11 1 19
26 12 4 18
26 13 14 6
26 14 1 19
26 15 6 14
26 16 0 20
26 17 0 22
26 18 20 0
26 19 20 0
26 20 20 0
26 21 20 0
26 22 20 0
26 23 20 0
26 24 19 1
26 25 1 19
27 0 0 176
27 1 0 20
27 2 0 20
27 3 2 19
27 4 0 20
27 5 0 20
27 6 1 19
27 7 0 20
27 8 0 20
27 9 7 13
27 10 0 21
27 11 0 23
27 12 1 19
27 13 8 12
27 14 2 18
27 15 6 15
27 16 2 18
27 17 0 20
27 18 16 4
27 19 20 0
27 20 19 1
27 21 19 1
27 22 21 0
27 23 20 0
27 24 21 0
27 25 0 20
27 26 4 16
28 0 13 175
28 1 9 13
28 2 18 2
28 3 20 0
28 4 4 16
28 5 12 8
28 6 19 2
28 7 15 5
28 8 16 4
28 9 21 0
28 10 11 11
28 11 14 6
28 12 19 1
28 13 20 0
28 14 10 10
28 15 20 0
28 16 2 19
28 17 17 3
28 18 20 0
28 19 19 1
28 20 20 0
28 21 20 0
28 22 20 0
28 23 20 0
28 24 19 1
28 25 20 0
28 26 20 0
28 27 20 0
29 0 2 174
29 1 3 17
29 2 6 15
29 3 18 2
29 4 1 20
29 5 7 13
29 6 14 6
29 7 3 17
29 8 10 11
29 9 17 4
29 10 3 17
29 11 5 16
29 12 17 3
29 13 20 1
29 14 4 16
29 15 21 0
29 16 1 19
29 17 6 14
29 18 20 1
29 19 20 0
29 20 20 1
29 21 19 1
29 22 20 0
29 23 20 0
29 24 20 0
29 25 14 6
29 26 21 0
29 27 20 0
29 28 1 19
30 0 2 166
30 1 1 21
30 2 2 18
30 3 9 11
30 4 0 20
30 5 0 20
30 6 5 16
30 7 1 19
30 8 3 18
30 9 16 5
30 10 1 19
30 11 0 21
30 12 14 6
30 13 18 2
30 14 0 20
30 15 16 5
30 16 0 20
30 17 0 21
30 18 21 0
30 19 20 0
30 20 19 1
30 21 21 0
30 22 21 0
30 23 19 1
30 24 20 0
30 25 2 18
30 26 20 0
30 27 19 1
30 28 0 20
30 29 0 21
