1 0 4 85
2 0 1 79
2 1 1 19
3 0 0 97
3 1 0 20
3 2 2 18
4 0 10 72
4 1 18 2
4 2 20 0
4 3 21 0
5 0 1 79
5 1 8 12
5 2 19 1
5 3 20 0
5 4 1 19
6 0 0 82
6 1 3 17
6 2 2 18
6 3 20 1
6 4 0 20
6 5 1 19
7 0 2 66
7 1 8 12
7 2 12 8
7 3 18 2
7 4 1 19
7 5 5 15
7 6 13 7
8 0 0 86
8 1 4 16
8 2 12 8
8 3 16 4
8 4 1 19
8 5 4 16
8 6 13 7
8 7 7 13
9 0 1 71
9 1 1 21
9 2 0 20
9 3 9 11
9 4 0 20
9 5 1 20
9 6 2 18
9 7 0 20
9 8 0 20
10 0 2 84
10 1 14 6
10 2 16 4
10 3 17 3
10 4 4 16
10 5 14 7
10 6 17 3
10 7 16 4
10 8 21 1
10 9 20 0
11 0 5 77
11 1 13 7
11 2 16 4
11 3 20 0
11 4 3 17
11 5 15 5
11 6 19 1
11 7 17 3
11 8 17 3
11 9 19 1
11 10 10 10
12 0 1 93
12 1 0 20
12 2 0 20
12 3 6 14
12 4 0 20
12 5 1 19
12 6 3 17
12 7 0 21
12 8 0 20
12 9 17 3
12 10 0 21
12 11 0 21
13 0 21 69
13 1 18 2
13 2 21 0
13 3 21 0
13 4 12 8
13 5 19 1
13 6 19 1
13 7 20 0
13 8 20 1
13 9 21 0
13 10 19 2
13 11 19 2
13 12 20 0
14 0 1 83
14 1 1 19
14 2 15 6
14 3 20 0
14 4 0 20
14 5 3 17
14 6 17 4
14 7 12 8
14 8 10 10
14 9 19 1
14 10 6 14
14 11 7 13
14 12 18 2
14 13 0 20
15 0 0 82
15 1 0 20
15 2 1 19
15 3 2 18
15 4 0 20
15 5 1 19
15 6 0 20
15 7 2 20
15 8 4 17
15 9 16 4
15 10 0 20
15 11 0 22
15 12 6 14
15 13 0 20
15 14 1 19
16 0 7 82
16 1 18 3
16 2 16 4
16 3 19 1
16 4 7 13
16 5 16 4
16 6 20 0
16 7 18 2
16 8 15 5
16 9 19 2
16 10 12 8
16 11 14 7
16 12 20 0
16 13 7 13
16 14 18 2
16 15 20 0
17 0 1 72
17 1 6 16
17 2 16 6
17 3 20 1
17 4 0 21
17 5 7 13
17 6 16 4
17 7 12 9
17 8 6 14
17 9 21 0
17 10 6 14
17 11 4 16
17 12 18 2
17 13 1 19
17 14 16 4
17 15 20 0
17 16 1 19
18 0 0 87
18 1 0 21
18 2 0 21
18 3 6 14
18 4 0 21
18 5 0 20
18 6 2 18
18 7 3 18
18 8 4 16
18 9 16 4
18 10 0 20
18 11 0 20
18 12 12 9
18 13 0 20
18 14 4 16
18 15 18 2
18 16 0 20
18 17 1 19
19 0 0 82
19 1 0 20
19 2 2 18
19 3 6 14
19 4 0 20
19 5 0 21
19 6 1 20
19 7 0 20
19 8 0 22
19 9 13 7
19 10 1 19
19 11 0 20
19 12 2 18
19 13 1 20
19 14 0 20
19 15 8 14
19 16 0 20
19 17 0 20
19 18 4 16
20 0 0 84
20 1 0 20
20 2 0 20
20 3 0 20
20 4 0 21
20 5 1 19
20 6 0 20
20 7 1 19
20 8 0 20
20 9 1 19
20 10 0 20
20 11 0 21
20 12 0 20
20 13 0 20
20 14 0 20
20 15 4 16
20 16 1 20
20 17 1 20
20 18 0 21
20 19 1 20
21 0 0 85
21 1 0 20
21 2 0 20
21 3 0 20
21 4 0 20
21 5 0 20
21 6 0 20
21 7 0 20
21 8 0 20
21 9 0 20
21 10 0 22
21 11 0 20
21 12 2 18
21 13 0 20
21 14 0 20
21 15 0 20
21 16 0 20
21 17 0 20
21 18 0 20
21 19 1 19
21 20 1 19
22 0 0 93
22 1 0 21
22 2 0 20
22 3 0 21
22 4 0 20
22 5 1 19
22 6 0 20
22 7 0 22
22 8 0 20
22 9 0 20
22 10 0 22
22 11 0 21
22 12 0 21
22 13 0 20
22 14 0 20
22 15 2 18
22 16 0 20
22 17 0 22
22 18 0 20
22 19 0 20
22 20 2 20
22 21 9 11
23 0 0 94
23 1 0 20
23 2 0 20
23 3 0 21
23 4 0 21
23 5 0 20
23 6 0 20
23 7 0 20
23 8 0 20
23 9 0 20
23 10 1 19
23 11 0 20
23 12 0 20
23 13 0 21
23 14 0 21
23 15 1 19
23 16 0 20
23 17 0 22
23 18 1 20
23 19 0 20
23 20 1 19
23 21 8 12
23 22 6 15
24 0 0 86
24 1 0 20
24 2 0 20
24 3 0 20
24 4 0 20
24 5 0 20
24 6 0 20
24 7 0 20
24 8 0 21
24 9 0 20
24 10 0 21
24 11 0 20
24 12 0 21
24 13 0 20
24 14 0 20
24 15 0 20
24 16 0 21
24 17 1 20
24 18 1 19
24 19 0 21
24 20 0 20
24 21 8 12
24 22 11 9
24 23 8 12
25 0 3 88
25 1 1 22
25 2 1 20
25 3 12 8
25 4 0 21
25 5 1 19
25 6 9 11
25 7 0 21
25 8 0 20
25 9 15 5
25 10 0 20
25 11 1 19
25 12 7 13
25 13 0 20
25 14 0 20
25 15 11 10
25 16 1 20
25 17 2 18
25 18 13 8
25 19 18 3
25 20 20 0
25 21 20 0
25 22 19 1
25 23 20 0
25 24 20 0
26 0 0 81
26 1 1 19
26 2 5 15
26 3 10 12
26 4 0 20
26 5 2 18
26 6 4 16
26 7 1 19
26 8 1 19
26 9 13 8
26 10 0 22
26 11 1 19
26 12 8 13
26 13 0 20
26 14 3 18
26 15 14 7
26 16 1 20
26 17 1 19
26 18 10 11
26 19 13 7
26 20 20 0
26 21 20 0
26 22 21 0
26 23 20 0
26 24 21 0
26 25 13 10
27 0 0 100
27 1 0 20
27 2 0 20
27 3 1 20
27 4 0 20
27 5 0 22
27 6 1 22
27 7 0 20
27 8 0 21
27 9 2 20
27 10 0 21
27 11 0 20
27 12 0 20
27 13 0 20
27 14 0 20
27 15 5 15
27 16 0 20
27 17 0 20
27 18 2 18
27 19 3 17
27 20 18 3
27 21 21 0
27 22 20 0
27 23 20 0
27 24 20 0
27 25 0 20
27 26 0 20
28 0 0 83
28 1 1 19
28 2 6 14
28 3 12 8
28 4 1 19
28 5 1 19
28 6 10 10
28 7 5 15
28 8 7 13
28 9 18 2
28 10 1 19
28 11 1 19
28 12 15 7
28 13 1 19
28 14 6 14
28 15 19 1
28 16 3 19
28 17 5 16
28 18 20 1
28 19 20 1
28 20 20 0
28 21 20 0
28 22 20 0
28 23 21 0
28 24 20 0
28 25 19 2
28 26 16 4
28 27 20 0
29 0 4 89
29 1 7 13
29 2 18 2
29 3 19 1
29 4 0 20
29 5 15 5
29 6 17 3
29 7 11 10
29 8 15 5
29 9 20 0
29 10 1 19
29 11 4 16
29 12 19 1
29 13 1 19
29 14 11 10
29 15 18 2
29 16 3 17
29 17 10 10
29 18 19 1
29 19 20 0
29 20 22 0
29 21 20 0
29 22 20 0
29 23 20 0
29 24 20 0
29 25 21 0
29 26 18 2
29 27 21 0
29 28 18 2
30 0 0 91
30 1 0 20
30 2 4 16
30 3 17 3
30 4 1 20
30 5 2 18
30 6 11 9
30 7 5 15
30 8 8 12
30 9 20 0
30 10 1 19
30 11 4 17
30 12 18 2
30 13 0 20
30 14 6 14
30 15 20 0
30 16 0 20
30 17 2 18
30 18 15 5
30 19 19 1
30 20 21 0
30 21 20 0
30 22 19 1
30 23 20 0
30 24 19 1
30 25 14 6
30 26 20 2
30 27 20 0
30 28 9 11
30 29 4 16
