1 0 2 123
2 0 1 133
2 1 9 12
3 0 3 125
3 1 1 19
3 2 8 12
4 0 38 92
4 1 20 0
4 2 20 0
4 3 21 0
5 0 3 129
5 1 18 2
5 2 19 1
5 3 20 1
5 4 5 16
6 0 2 134
6 1 17 3
6 2 18 3
6 3 18 2
6 4 1 20
6 5 0 21
7 0 21 101
7 1 21 1
7 2 20 0
7 3 21 0
7 4 4 16
7 5 14 6
7 6 17 3
8 0 18 95
8 1 19 1
8 2 20 0
8 3 20 0
8 4 6 14
8 5 15 5
8 6 17 3
8 7 10 10
9 0 2 122
9 1 17 3
9 2 18 2
9 3 19 1
9 4 0 21
9 5 4 16
9 6 12 8
9 7 1 19
9 8 0 20
10 0 38 98
10 1 20 0
10 2 20 0
10 3 20 0
10 4 12 8
10 5 14 6
10 6 20 0
10 7 13 7
10 8 16 4
10 9 19 2
11 0 22 102
11 1 20 0
11 2 20 0
11 3 21 0
11 4 6 15
11 5 17 3
11 6 20 0
11 7 12 8
11 8 13 7
11 9 20 0
11 10 8 12
12 0 1 109
12 1 20 0
12 2 19 1
12 3 20 0
12 4 1 19
12 5 4 16
12 6 15 7
12 7 1 19
12 8 1 19
12 9 15 5
12 10 0 20
12 11 0 20
13 0 58 80
13 1 20 0
13 2 20 0
13 3 20 0
13 4 15 5
13 5 19 1
13 6 20 0
13 7 17 3
13 8 16 4
13 9 20 0
13 10 10 10
13 11 15 6
13 12 19 2
14 0 5 125
14 1 20 0
14 2 19 1
14 3 17 3
14 4 0 20
14 5 7 13
14 6 19 2
14 7 2 18
14 8 5 16
14 9 14 6
14 10 4 16
14 11 2 18
14 12 14 6
14 13 1 20
15 0 0 139
15 1 9 11
15 2 15 5
15 3 16 4
15 4 0 20
15 5 0 20
15 6 0 20
15 7 0 20
15 8 0 20
15 9 2 19
15 10 0 20
15 11 0 20
15 12 2 18
15 13 0 20
15 14 2 19
16 0 8 126
16 1 19 1
16 2 20 1
16 3 20 0
16 4 5 16
16 5 4 16
16 6 14 7
16 7 1 19
16 8 3 17
16 9 8 12
16 10 1 19
16 11 2 18
16 12 8 12
16 13 0 20
16 14 9 12
16 15 16 5
17 0 1 101
17 1 15 5
17 2 18 2
17 3 18 2
17 4 0 20
17 5 0 21
17 6 5 15
17 7 0 20
17 8 1 20
17 9 7 13
17 10 0 22
17 11 1 19
17 12 2 19
17 13 0 21
17 14 2 18
17 15 11 9
17 16 4 16
18 0 0 116
18 1 13 8
18 2 13 7
18 3 17 4
18 4 0 20
18 5 2 18
18 6 1 20
18 7 0 21
18 8 0 21
18 9 3 18
18 10 0 21
18 11 0 20
18 12 2 21
18 13 0 20
18 14 1 21
18 15 2 18
18 16 0 20
18 17 5 15
19 0 12 144
19 1 20 0
19 2 20 0
19 3 20 1
19 4 6 15
19 5 15 6
19 6 17 3
19 7 6 14
19 8 3 18
19 9 18 2
19 10 1 19
19 11 5 15
19 12 17 3
19 13 5 15
19 14 16 4
19 15 20 0
19 16 18 2
19 17 20 1
19 18 20 1
20 0 4 108
20 1 19 2
20 2 19 1
20 3 17 3
20 4 1 19
20 5 7 13
20 6 13 7
20 7 2 18
20 8 0 21
20 9 16 4
20 10 1 19
20 11 0 20
20 12 13 7
20 13 1 20
20 14 12 8
20 15 17 4
20 16 11 10
20 17 20 1
20 18 20 0
20 19 5 15
21 0 0 126
21 1 1 19
21 2 0 21
21 3 3 17
21 4 1 20
21 5 0 21
21 6 0 20
21 7 0 20
21 8 0 20
21 9 0 20
21 10 0 20
21 11 0 21
21 12 0 20
21 13 0 20
21 14 1 19
21 15 0 20
21 16 0 20
21 17 0 20
21 18 1 20
21 19 0 20
21 20 0 20
22 0 2 126
22 1 4 16
22 2 4 16
22 3 2 18
22 4 0 20
22 5 0 20
22 6 0 20
22 7 0 20
22 8 1 20
22 9 0 20
22 10 0 20
22 11 0 20
22 12 0 20
22 13 0 21
22 14 0 20
22 15 3 17
22 16 1 19
22 17 0 20
22 18 2 18
22 19 0 20
22 20 3 17
22 21 18 2
23 0 0 137
23 1 2 18
23 2 6 15
23 3 12 8
23 4 0 20
23 5 0 20
23 6 1 19
23 7 0 20
23 8 0 20
23 9 0 20
23 10 0 20
23 11 0 21
23 12 0 20
23 13 0 20
23 14 1 19
23 15 5 15
23 16 0 20
23 17 1 19
23 18 8 13
23 19 1 19
23 20 2 18
23 21 18 2
23 22 13 7
24 0 0 142
24 1 0 20
24 2 0 20
24 3 1 19
24 4 0 20
24 5 0 20
24 6 0 20
24 7 0 20
24 8 0 20
24 9 0 20
24 10 0 20
24 11 0 20
24 12 0 20
24 13 0 20
24 14 0 21
24 15 0 20
24 16 0 20
24 17 0 21
24 18 1 19
24 19 0 20
24 20 0 20
24 21 5 16
24 22 1 19
24 23 0 20
25 0 1 118
25 1 18 2
25 2 21 0
25 3 20 0
25 4 3 18
25 5 3 17
25 6 8 12
25 7 0 20
25 8 1 19
25 9 4 16
25 10 1 20
25 11 0 20
25 12 6 14
25 13 0 20
25 14 5 15
25 15 14 6
25 16 5 15
25 17 12 8
25 18 20 0
25 19 1 20
25 20 6 14
25 21 20 0
25 22 20 0
25 23 20 0
25 24 19 1
26 0 3 141
26 1 16 4
26 2 18 2
26 3 17 3
26 4 1 20
26 5 1 19
26 6 3 17
26 7 0 20
26 8 0 20
26 9 2 18
26 10 0 22
26 11 1 19
26 12 3 19
26 13 0 20
26 14 1 19
26 15 11 10
26 16 0 20
26 17 8 13
26 18 11 9
26 19 0 20
26 20 1 19
26 21 20 0
26 22 18 2
26 23 18 2
26 24 20 0
26 25 4 16
27 0 1 138
27 1 14 6
27 2 15 5
27 3 19 1
27 4 0 20
27 5 0 20
27 6 4 16
27 7 0 20
27 8 0 20
27 9 0 20
27 10 0 20
27 11 0 20
27 12 1 19
27 13 1 19
27 14 3 18
27 15 9 11
27 16 1 19
27 17 3 17
27 18 11 9
27 19 0 21
27 20 0 20
27 21 20 0
27 22 18 2
27 23 18 2
27 24 19 1
27 25 3 17
27 26 10 10
28 0 7 145
28 1 19 1
28 2 18 2
28 3 20 0
28 4 2 18
28 5 4 17
28 6 11 11
28 7 2 19
28 8 1 19
28 9 6 14
28 10 0 20
28 11 0 20
28 12 7 13
28 13 0 20
28 14 6 15
28 15 18 3
28 16 11 9
28 17 17 4
28 18 17 3
28 19 1 19
28 20 6 14
28 21 20 0
28 22 20 0
28 23 19 1
28 24 21 0
28 25 15 6
28 26 20 1
28 27 17 3
29 0 2 131
29 1 18 2
29 2 18 2
29 3 19 1
29 4 1 19
29 5 2 19
29 6 10 12
29 7 1 20
29 8 1 19
29 9 6 15
29 10 1 19
29 11 0 22
29 12 4 16
29 13 1 20
29 14 4 16
29 15 16 4
29 16 10 10
29 17 16 4
29 18 19 2
29 19 0 21
29 20 9 11
29 21 20 0
29 22 19 1
29 23 20 0
29 24 20 0
29 25 10 10
29 26 17 4
29 27 19 1
29 28 4 16
30 0 0 125
30 1 17 4
30 2 20 1
30 3 18 2
30 4 0 21
30 5 1 19
30 6 3 17
30 7 1 19
30 8 0 20
30 9 2 18
30 10 0 20
30 11 0 20
30 12 4 17
30 13 0 21
30 14 3 17
30 15 13 7
30 16 5 15
30 17 8 12
30 18 17 3
30 19 1 19
30 20 0 22
30 21 20 0
30 22 20 0
30 23 19 1
30 24 20 0
30 25 3 17
30 26 14 6
30 27 13 7
30 28 4 17
30 29 3 17
