1 0 1 191
2 0 2 171
2 1 20 0
3 0 1 189
3 1 18 2
3 2 1 19
4 0 25 156
4 1 21 0
4 2 20 0
4 3 22 0
5 0 7 170
5 1 20 0
5 2 16 4
5 3 20 0
5 4 2 18
6 0 2 182
6 1 19 1
6 2 8 12
6 3 16 4
6 4 1 21
6 5 0 21
7 0 13 169
7 1 20 0
7 2 11 9
7 3 19 1
7 4 5 15
7 5 4 17
7 6 15 5
8 0 4 165
8 1 20 0
8 2 10 10
8 3 18 2
8 4 3 17
8 5 8 12
8 6 10 10
8 7 4 16
9 0 6 157
9 1 18 3
9 2 3 17
9 3 8 13
9 4 0 21
9 5 3 17
9 6 5 15
9 7 1 20
9 8 0 21
10 0 13 149
10 1 20 0
10 2 17 4
10 3 19 1
10 4 5 15
10 5 12 8
10 6 18 2
10 7 13 8
10 8 16 4
10 9 20 0
11 0 10 177
11 1 18 2
11 2 18 3
11 3 19 1
11 4 0 20
11 5 11 9
11 6 19 1
11 7 16 5
11 8 15 5
11 9 19 1
11 10 8 13
12 0 6 193
12 1 18 2
12 2 4 17
12 3 16 5
12 4 1 19
12 5 3 17
12 6 9 12
12 7 5 15
12 8 6 15
12 9 19 2
12 10 1 19
12 11 2 19
13 0 8 195
13 1 21 0
13 2 20 0
13 3 22 0
13 4 5 15
13 5 15 5
13 6 19 2
13 7 12 10
13 8 19 1
13 9 20 0
13 10 16 6
13 11 15 5
13 12 19 1
14 0 2 158
14 1 19 1
14 2 8 13
14 3 17 3
14 4 1 19
14 5 3 17
14 6 10 10
14 7 6 16
14 8 9 11
14 9 16 4
14 10 7 13
14 11 2 19
14 12 15 5
14 13 2 18
15 0 2 189
15 1 17 3
15 2 2 19
15 3 1 20
15 4 0 21
15 5 0 20
15 6 1 20
15 7 0 20
15 8 3 18
15 9 8 12
15 10 0 20
15 11 2 19
15 12 2 18
15 13 0 20
15 14 0 20
16 0 23 146
16 1 21 0
16 2 20 1
16 3 20 0
16 4 7 13
16 5 19 3
16 6 21 0
16 7 17 3
16 8 17 3
16 9 20 0
16 10 10 10
16 11 14 7
16 12 18 2
16 13 12 8
16 14 19 1
16 15 21 0
17 0 5 188
17 1 20 0
17 2 17 4
17 3 19 1
17 4 3 17
17 5 6 15
17 6 18 3
17 7 15 5
17 8 11 10
17 9 17 3
17 10 9 12
17 11 14 6
17 12 20 2
17 13 7 13
17 14 18 2
17 15 20 0
17 16 3 17
18 0 4 172
18 1 18 2
18 2 1 19
18 3 9 13
18 4 0 20
18 5 0 20
18 6 3 17
18 7 1 19
18 8 4 17
18 9 9 11
18 10 0 20
18 11 1 19
18 12 3 17
18 13 2 18
18 14 1 19
18 15 16 5
18 16 1 19
18 17 0 20
19 0 0 207
19 1 0 20
19 2 0 21
19 3 0 20
19 4 0 20
19 5 0 20
19 6 0 21
19 7 0 20
19 8 1 19
19 9 0 22
19 10 0 20
19 11 0 20
19 12 0 21
19 13 0 20
19 14 0 22
19 15 0 21
19 16 0 21
19 17 0 22
19 18 0 20
20 0 1 185
20 1 1 19
20 2 0 20
20 3 0 20
20 4 0 20
20 5 0 21
20 6 0 20
20 7 0 20
20 8 0 20
20 9 0 20
20 10 1 20
20 11 0 21
20 12 1 19
20 13 0 21
20 14 0 21
20 15 2 19
20 16 1 19
20 17 0 21
20 18 0 20
20 19 11 9
21 0 0 165
21 1 0 21
21 2 0 21
21 3 1 20
21 4 0 20
21 5 2 18
21 6 0 20
21 7 0 22
21 8 0 22
21 9 0 21
21 10 0 21
21 11 0 20
21 12 0 21
21 13 0 21
21 14 0 21
21 15 0 21
21 16 0 20
21 17 0 21
21 18 1 20
21 19 12 8
21 20 11 10
22 0 0 168
22 1 2 18
22 2 1 19
22 3 0 20
22 4 1 20
22 5 0 20
22 6 1 19
22 7 0 21
22 8 0 21
22 9 0 20
22 10 0 21
22 11 0 20
22 12 0 21
22 13 0 20
22 14 0 20
22 15 0 20
22 16 1 19
22 17 2 18
22 18 0 20
22 19 10 10
22 20 9 11
22 21 8 12
23 0 0 202
23 1 0 21
23 2 0 20
23 3 0 20
23 4 1 19
23 5 0 20
23 6 1 19
23 7 0 21
23 8 0 20
23 9 0 21
23 10 0 20
23 11 0 20
23 12 0 20
23 13 0 20
23 14 0 20
23 15 0 20
23 16 0 20
23 17 1 19
23 18 0 20
23 19 11 9
23 20 9 12
23 21 9 12
23 22 14 6
24 0 0 185
24 1 0 21
24 2 0 20
24 3 0 21
24 4 0 20
24 5 0 20
24 6 0 20
24 7 0 20
24 8 0 22
24 9 0 22
24 10 1 19
24 11 0 20
24 12 0 21
24 13 0 20
24 14 0 21
24 15 0 21
24 16 0 20
24 17 0 21
24 18 0 22
24 19 8 13
24 20 12 8
24 21 13 8
24 22 16 6
24 23 11 10
25 0 1 172
25 1 14 6
25 2 3 18
25 3 4 17
25 4 0 20
25 5 0 21
25 6 0 20
25 7 0 22
25 8 3 18
25 9 4 16
25 10 0 21
25 11 0 21
25 12 1 21
25 13 0 22
25 14 1 19
25 15 8 12
25 16 0 21
25 17 0 20
25 18 5 15
25 19 21 1
25 20 20 0
25 21 20 0
25 22 20 1
25 23 20 0
25 24 19 1
26 0 0 175
26 1 11 9
26 2 0 20
26 3 2 18
26 4 1 19
26 5 0 20
26 6 1 21
26 7 0 21
26 8 0 20
26 9 2 18
26 10 0 20
26 11 1 20
26 12 0 20
26 13 0 20
26 14 0 21
26 15 11 9
26 16 0 22
26 17 1 19
26 18 1 19
26 19 20 0
26 20 21 0
26 21 20 0
26 22 22 0
26 23 20 0
26 24 20 0
26 25 5 15
27 0 0 209
27 1 2 18
27 2 0 21
27 3 0 20
27 4 0 20
27 5 0 20
27 6 0 21
27 7 1 19
27 8 0 20
27 9 0 22
27 10 0 20
27 11 0 20
27 12 0 21
27 13 0 20
27 14 0 20
27 15 1 19
27 16 0 20
27 17 0 20
27 18 1 20
27 19 18 2
27 20 20 1
27 21 20 0
27 22 21 0
27 23 21 0
27 24 21 0
27 25 0 21
27 26 3 17
28 0 7 172
28 1 20 0
28 2 10 10
28 3 18 3
28 4 1 19
28 5 4 17
28 6 17 4
28 7 7 13
28 8 14 7
28 9 17 3
28 10 6 17
28 11 5 18
28 12 17 3
28 13 5 16
28 14 12 8
28 15 20 0
28 16 1 19
28 17 3 17
28 18 19 3
28 19 20 1
28 20 20 0
28 21 21 0
28 22 20 0
28 23 21 0
28 24 20 0
28 25 20 0
28 26 20 0
28 27 20 0
29 0 1 172
29 1 20 0
29 2 17 3
29 3 19 2
29 4 2 18
29 5 6 14
29 6 18 3
29 7 6 14
29 8 11 9
29 9 19 1
29 10 2 19
29 11 3 17
29 12 13 7
29 13 2 18
29 14 12 8
29 15 20 1
29 16 1 20
29 17 8 12
29 18 20 1
29 19 20 0
29 20 20 0
29 21 20 0
29 22 21 0
29 23 20 1
29 24 20 0
29 25 19 1
29 26 21 0
29 27 20 0
29 28 10 11
30 0 1 174
30 1 20 0
30 2 5 15
30 3 14 7
30 4 0 21
30 5 3 17
30 6 11 11
30 7 5 16
30 8 2 19
30 9 15 5
30 10 1 19
30 11 1 19
30 12 9 12
30 13 1 20
30 14 6 14
30 15 20 0
30 16 1 19
30 17 3 17
30 18 12 8
30 19 20 0
30 20 20 0
30 21 20 1
30 22 21 0
30 23 20 0
30 24 20 0
30 25 18 2
30 26 20 0
30 27 19 1
30 28 6 14
30 29 3 17
