1 0 13 191
2 0 1 185
2 1 0 20
3 0 2 182
3 1 0 20
3 2 1 19
4 0 26 154
4 1 15 5
4 2 20 0
4 3 20 0
5 0 7 177
5 1 6 14
5 2 19 3
5 3 20 0
5 4 2 18
6 0 2 182
6 1 0 20
6 2 4 17
6 3 18 2
6 4 0 20
6 5 1 19
7 0 10 152
7 1 5 15
7 2 13 8
7 3 19 2
7 4 2 18
7 5 8 12
7 6 17 4
8 0 6 188
8 1 1 19
8 2 11 9
8 3 20 0
8 4 1 20
8 5 7 14
8 6 12 8
8 7 7 13
9 0 2 176
9 1 0 20
9 2 0 20
9 3 5 16
9 4 0 20
9 5 0 21
9 6 1 19
9 7 0 20
9 8 1 19
10 0 23 136
10 1 8 13
10 2 19 2
10 3 18 2
10 4 2 18
10 5 14 8
10 6 17 3
10 7 18 3
10 8 21 1
10 9 20 0
11 0 19 168
11 1 8 12
11 2 18 2
11 3 20 1
11 4 4 16
11 5 15 6
11 6 15 6
11 7 13 8
11 8 17 3
11 9 21 0
11 10 8 12
12 0 2 174
12 1 0 21
12 2 1 19
12 3 11 9
12 4 0 21
12 5 0 20
12 6 7 13
12 7 1 19
12 8 1 20
12 9 18 2
12 10 0 21
12 11 0 20
13 0 49 120
13 1 19 1
13 2 20 0
13 3 21 0
13 4 15 5
13 5 17 3
13 6 20 0
13 7 19 1
13 8 19 1
13 9 20 0
13 10 19 1
13 11 15 5
13 12 21 0
14 0 2 172
14 1 1 19
14 2 13 8
14 3 20 0
14 4 1 19
14 5 7 14
14 6 17 3
14 7 8 12
14 8 10 10
14 9 21 0
14 10 2 18
14 11 6 14
14 12 19 1
14 13 0 21
15 0 2 166
15 1 1 19
15 2 0 21
15 3 7 15
15 4 0 20
15 5 0 22
15 6 1 20
15 7 0 20
15 8 0 20
15 9 17 3
15 10 1 22
15 11 0 20
15 12 9 11
15 13 0 20
15 14 0 22
16 0 42 112
16 1 17 3
16 2 20 0
16 3 22 0
16 4 12 8
16 5 19 2
16 6 21 0
16 7 20 0
16 8 20 0
16 9 20 0
16 10 19 1
16 11 19 1
16 12 20 0
16 13 5 15
16 14 19 1
16 15 22 0
17 0 6 162
17 1 7 13
17 2 15 5
17 3 21 0
17 4 1 20
17 5 8 12
17 6 19 1
17 7 12 9
17 8 15 5
17 9 21 0
17 10 10 10
17 11 7 15
17 12 20 0
17 13 0 21
17 14 18 2
17 15 20 0
17 16 1 20
18 0 0 166
18 1 1 19
18 2 0 20
18 3 16 5
18 4 0 21
18 5 1 19
18 6 6 14
18 7 4 16
18 8 4 17
18 9 20 0
18 10 0 20
18 11 1 19
18 12 18 3
18 13 0 20
18 14 1 19
18 15 19 1
18 16 0 20
18 17 1 19
19 0 0 175
19 1 0 20
19 2 1 19
19 3 0 20
19 4 0 20
19 5 0 20
19 6 0 20
19 7 0 21
19 8 0 20
19 9 1 19
19 10 0 21
19 11 0 21
19 12 0 21
19 13 0 21
19 14 0 20
19 15 1 20
19 16 1 19
19 17 0 20
19 18 0 21
20 0 2 172
20 1 0 20
20 2 1 19
20 3 1 19
20 4 0 20
20 5 0 20
20 6 0 21
20 7 0 20
20 8 0 21
20 9 1 20
20 10 0 21
20 11 0 20
20 12 0 21
20 13 0 20
20 14 0 20
20 15 1 19
20 16 0 20
20 17 0 21
20 18 0 20
20 19 8 12
21 0 0 181
21 1 0 20
21 2 0 20
21 3 0 21
21 4 0 21
21 5 1 19
21 6 0 21
21 7 1 19
21 8 2 18
21 9 2 18
21 10 1 19
21 11 0 20
21 12 0 20
21 13 0 21
21 14 0 21
21 15 2 18
21 16 0 20
21 17 0 21
21 18 0 21
21 19 5 15
21 20 7 14
22 0 0 190
22 1 1 20
22 2 2 19
22 3 0 20
22 4 0 20
22 5 0 21
22 6 1 20
22 7 0 20
22 8 0 20
22 9 1 19
22 10 1 19
22 11 0 20
22 12 1 19
22 13 0 20
22 14 0 20
22 15 0 20
22 16 0 21
22 17 0 21
22 18 0 20
22 19 7 13
22 20 5 16
22 21 12 9
23 0 0 172
23 1 0 21
23 2 0 21
23 3 0 20
23 4 0 20
23 5 0 20
23 6 1 20
23 7 0 21
23 8 0 20
23 9 0 21
23 10 0 20
23 11 1 19
23 12 1 19
23 13 0 20
23 14 0 21
23 15 2 18
23 16 1 20
23 17 1 19
23 18 0 21
23 19 5 15
23 20 3 18
23 21 9 12
23 22 11 9
24 0 1 161
24 1 0 20
24 2 0 20
24 3 0 20
24 4 0 21
24 5 0 21
24 6 0 20
24 7 0 20
24 8 0 20
24 9 0 20
24 10 0 20
24 11 0 21
24 12 0 20
24 13 0 20
24 14 0 20
24 15 0 20
24 16 0 21
24 17 1 19
24 18 0 20
24 19 1 19
24 20 6 14
24 21 7 13
24 22 5 16
24 23 10 10
25 0 3 157
25 1 0 21
25 2 3 17
25 3 10 11
25 4 0 20
25 5 1 19
25 6 8 14
25 7 0 20
25 8 2 18
25 9 20 0
25 10 1 19
25 11 2 18
25 12 10 11
25 13 0 20
25 14 4 16
25 15 13 7
25 16 0 20
25 17 3 18
25 18 9 11
25 19 20 0
25 20 20 0
25 21 20 0
25 22 20 0
25 23 20 1
25 24 20 0
26 0 1 168
26 1 0 20
26 2 1 19
26 3 12 8
26 4 0 20
26 5 0 20
26 6 4 16
26 7 1 21
26 8 1 19
26 9 18 3
26 10 0 21
26 11 0 20
26 12 6 14
26 13 1 20
26 14 3 18
26 15 11 10
26 16 0 21
26 17 1 19
26 18 5 15
26 19 20 0
26 20 20 0
26 21 21 1
26 22 21 0
26 23 22 0
26 24 19 1
26 25 9 11
27 0 0 187
27 1 0 21
27 2 2 18
27 3 1 20
27 4 0 21
27 5 0 20
27 6 1 19
27 7 1 20
27 8 0 20
27 9 7 14
27 10 0 20
27 11 0 20
27 12 2 20
27 13 1 19
27 14 0 21
27 15 4 16
27 16 0 21
27 17 0 20
27 18 1 20
27 19 20 1
27 20 20 0
27 21 20 0
27 22 21 0
27 23 20 0
27 24 20 1
27 25 0 20
27 26 0 20
28 0 16 153
28 1 10 10
28 2 19 2
28 3 20 0
28 4 1 19
28 5 13 8
28 6 20 0
28 7 15 6
28 8 17 3
28 9 20 0
28 10 11 10
28 11 15 5
28 12 20 0
28 13 2 18
28 14 16 5
28 15 19 1
28 16 3 17
28 17 9 11
28 18 17 3
28 19 20 0
28 20 21 0
28 21 20 1
28 22 20 0
28 23 20 0
28 24 20 0
28 25 20 0
28 26 20 0
28 27 19 1
29 0 2 164
29 1 2 18
29 2 10 10
29 3 18 2
29 4 0 20
29 5 2 18
29 6 16 6
29 7 3 17
29 8 9 12
29 9 19 1
29 10 2 19
29 11 3 17
29 12 21 0
29 13 0 21
29 14 7 13
29 15 18 3
29 16 0 20
29 17 5 15
29 18 13 7
29 19 20 0
29 20 20 0
29 21 20 0
29 22 21 0
29 23 20 0
29 24 20 0
29 25 17 3
29 26 18 2
29 27 21 0
29 28 1 19
30 0 0 177
30 1 1 19
30 2 0 20
30 3 4 17
30 4 0 20
30 5 0 20
30 6 0 20
30 7 0 20
30 8 0 20
30 9 14 7
30 10 0 20
30 11 0 21
30 12 1 20
30 13 0 20
30 14 1 19
30 15 3 17
30 16 0 20
30 17 0 20
30 18 0 20
30 19 19 1
30 20 20 0
30 21 21 0
30 22 20 0
30 23 20 1
30 24 20 0
30 25 2 18
30 26 2 18
30 27 12 8
30 28 0 21
30 29 0 20
